1497830462,2542.58,1
1497830762,2540.99,1
1497831062,2542.27,1
1497831362,2546.87,1
1497831662,2551.86,1
1497831962,2559.88,1
1497832262,2561.27,1
1497832562,2555.15,1
1497832862,2550.9,1
1497833162,2539.13,1
1497833462,2535.86,1
1497833761,2549.33,1
1497834062,2549.65,1
1497834362,2556.36,1
1497834662,2552.99,1
1497834962,2548.89,1
1497835262,2550.44,1
1497835562,2550.63,1
1497835862,2546.83,1
1497836162,2555.41,1
1497836461,2550.45,1
1497836762,2547.43,1
1497837062,2530.48,1
1497837362,2533.38,1
