1497679535,2514.09,1
1497679552,2514.09,1
1497679595,2523.38,1
1497681152,2539.58,1
1497681218,2539.1,1
1497681246,2540.68,1
1497681324,2539.41,1
1497681344,2539.47,1
1497681386,2539.11,1
1497681406,2539.2,1
1497681591,2540.11,1
1497681662,2540.69,1
1497681962,2541.69,1
1497682262,2546.35,1
1497682562,2541.64,1
1497682862,2539.9,1
1497683162,2534.83,1
1497683462,2536.89,1
1497683762,2530.54,1
1497684062,2535.46,1
1497684362,2529.86,1
1497684662,2528.19,1
1497684962,2533.62,1
1497685262,2527.63,1
1497685562,2531.51,1
1497685862,2528.62,1
1497686162,2528.31,1
1497686462,2531.28,1
1497686762,2527.34,1
1497687062,2530.45,1
1497687362,2536.32,1
1497687662,2542.31,1
1497687962,2541.58,1
1497688262,2541.28,1
1497688562,2543.18,1
1497688862,2544.07,1
1497689162,2544.63,1
1497689462,2542.98,1
1497689762,2543.52,1
1497690062,2547.36,1
1497690362,2548.46,1
1497690662,2550.51,1
1497690962,2551.02,1
1497691262,2552.96,1
1497691562,2553.66,1
1497691862,2562.97,1
1497692162,2569.91,1
1497692462,2560.97,1
1497692762,2564.68,1
1497693062,2562.83,1
1497693362,2565.79,1
1497693662,2569.14,1
1497693962,2570.55,1
1497694262,2573.02,1
1497694562,2574.2,1
1497694862,2581.8,1
1497695162,2586.55,1
1497695462,2590.39,1
1497695762,2598.69,1
1497696062,2602.91,1
1497696362,2599.48,1
1497696662,2591.91,1
1497696962,2590.35,1
1497697262,2593.29,1
1497697562,2597.12,1
1497697862,2604.53,1
1497698162,2602.32,1
1497698462,2602.23,1
1497698762,2599.02,1
1497699062,2598.64,1
1497699362,2596.52,1
1497699662,2590.63,1
1497699962,2590.82,1
1497700262,2594.89,1
1497700562,2602.07,1
1497700861,2603.76,1
1497701162,2597.32,1
1497701462,2600.13,1
1497701762,2599.73,1
1497702062,2590.81,1
1497702362,2591.06,1
1497702662,2595.91,1
1497702962,2591.29,1
1497703262,2585.49,1
1497703562,2584.11,1
1497703862,2582.63,1
1497704162,2585.76,1
