1498089662,2677.51,1
1498089962,2681.3,1
1498090262,2687.68,1
1498090562,2692.59,1
1498090862,2693.23,1
1498091162,2696.71,1
1498091462,2696.31,1
1498091762,2693.9,1
1498092062,2693.73,1
1498092362,2688.71,1
1498092662,2684.33,1
1498092962,2686.87,1
1498093262,2686.99,1
1498093562,2677.76,1
1498093862,2675.69,1
1498094162,2667.42,1
1498094462,2665.39,1
1498094762,2656.58,1
1498095062,2653.54,1
1498095362,2664.27,1
1498095662,2665.15,1
1498095962,2666.83,1
1498096261,2667.6,1
1498096562,2672.25,1
