1498003262,2754.01,1
1498003562,2740.41,1
1498003862,2733.36,1
1498004162,2739.32,1
1498004461,2738.12,1
1498004762,2740.98,1
1498005062,2747.81,1
1498005362,2754.69,1
1498005662,2757.74,1
1498005962,2753.22,1
1498006262,2751.48,1
1498006562,2754.46,1
1498006862,2745.83,1
1498007162,2737.52,1
1498007462,2737.07,1
1498007762,2735.28,1
1498008061,2737.05,1
1498008362,2742.67,1
1498008662,2747.8,1
1498008962,2748.05,1
1498009262,2744.51,1
1498009562,2749.54,1
1498009862,2745.62,1
1498010162,2744.13,1
