1497916862,2618.59,1
1497917162,2621.82,1
1497917462,2622.46,1
1497917763,2630.25,1
1497918062,2633.45,1
1497918362,2643.84,1
1497918662,2650.78,1
1497918962,2651.72,1
1497919263,2651.19,1
1497919562,2651.54,1
1497919862,2649.93,1
1497920162,2646.8,1
1497920462,2646.73,1
1497920762,2644.88,1
1497921062,2642.18,1
1497921362,2642,1
1497921662,2641.77,1
1497921962,2646.95,1
1497922261,2646.85,1
1497922562,2651.54,1
1497922862,2649.57,1
1497923162,2655.38,1
1497923462,2657.16,1
1497923762,2660.92,1
