1497744063,2655.94,1
1497744366,2661.27,1
1497744662,2659.98,1
1497744962,2650.48,1
1497745262,2639.25,1
1497745562,2643.58,1
1497745861,2644.97,1
1497746161,2648.21,1
1497746462,2631.49,1
1497746762,2622.13,1
1497747062,2635.64,1
1497747362,2634.8,1
1497747661,2635.65,1
1497747962,2641.21,1
1497748262,2643.94,1
1497748562,2652.75,1
1497748861,2653.99,1
1497749162,2655.84,1
1497749462,2658.47,1
1497749762,2662.68,1
1497750062,2655.32,1
1497750362,2654.27,1
1497750662,2659.02,1
1497750962,2657.21,1
1497751262,2660.67,1
1497751562,2661.58,1
1497751862,2660.54,1
1497752162,2663.52,1
1497752462,2666,1
1497752762,2666.64,1
1497753062,2665.74,1
1497753362,2665.91,1
1497753662,2670.53,1
1497753962,2670.72,1
1497754262,2671.48,1
1497754562,2666.65,1
1497754862,2663.81,1
1497755162,2665.06,1
1497755462,2670.83,1
1497755762,2669.59,1
1497756062,2668.95,1
1497756362,2665.74,1
1497756662,2665.93,1
1497756962,2666.77,1
1497757262,2665.25,1
1497757562,2662.02,1
1497757862,2661.84,1
1497758162,2668.02,1
1497758462,2666.55,1
1497758762,2660.1,1
1497759062,2663.12,1
1497759362,2666.79,1
1497759662,2663.09,1
1497759962,2664.38,1
1497760262,2661.87,1
1497760562,2660.57,1
1497760862,2659.3,1
1497761162,2653.72,1
1497761462,2646.44,1
1497761762,2650.74,1
1497762062,2649.01,1
1497762362,2645.62,1
1497762662,2650.95,1
1497762962,2653.87,1
1497763262,2656.41,1
1497763562,2658.75,1
1497763862,2660.41,1
1497764162,2663.42,1
1497764462,2663.71,1
1497764762,2660.59,1
1497765062,2653.54,1
1497765362,2643.72,1
1497765662,2650.91,1
1497765962,2651.48,1
1497766262,2650.91,1
1497766562,2651.9,1
1497766862,2646.75,1
1497767162,2645.58,1
1497767462,2645.58,1
1497767762,2639.88,1
1497768062,2639.08,1
1497768362,2617.28,1
1497768662,2623.89,1
1497768962,2627.19,1
1497769262,2623.33,1
1497769562,2616.21,1
1497769862,2610.47,1
1497770162,2609.65,1
1497770462,2595.11,1
1497770762,2591.09,1
1497771062,2582.74,1
1497771362,2574.7,1
1497771662,2587.05,1
1497771962,2593.79,1
1497772262,2576.89,1
1497772562,2559.03,1
