1498435262,2541.9,1
1498435562,2534.02,1
1498435862,2529.81,1
1498436162,2524.41,1
1498436462,2529.07,1
1498436762,2532.96,1
1498437062,2536.42,1
1498437362,2532.07,1
1498437662,2540.8,1
1498437962,2546.54,1
1498438262,2548.92,1
1498438562,2548.23,1
1498438862,2549.35,1
1498439162,2538.49,1
1498439462,2538.44,1
1498439762,2546.65,1
1498440062,2546.5,1
1498440362,2549.04,1
1498440662,2554.55,1
1498440961,2559.2,1
1498441262,2565.97,1
1498441562,2569.69,1
1498441862,2572.49,1
1498442162,2572.92,1
1498442462,2571.59,1
1498442762,2574.61,1
1498443062,2572.75,1
1498443362,2571.84,1
1498443662,2570.95,1
1498443962,2567.89,1
1498444262,2567.21,1
1498444562,2573.23,1
1498444861,2566.82,1
1498445162,2563.15,1
1498445462,2562.79,1
1498445762,2569.82,1
1498446062,2573.61,1
1498446362,2573.28,1
1498446662,2558.84,1
1498446962,2561.02,1
1498447262,2560.94,1
1498447562,2561.8,1
1498447862,2561.11,1
1498448162,2562.6,1
1498448462,2560.41,1
1498448762,2563.05,1
1498449062,2572.92,1
1498449362,2576.61,1
1498449662,2578.73,1
1498449962,2579.22,1
1498450262,2579.45,1
1498450562,2579.19,1
1498450862,2584.47,1
1498451162,2581.13,1
1498451462,2573.38,1
1498451762,2568.74,1
1498452062,2561.19,1
1498452362,2558.16,1
1498452662,2552.64,1
1498452962,2542.4,1
