1498608062,2584.73,1
1498608362,2566.19,1
1498608662,2567.72,1
1498608962,2566.98,1
1498609262,2565.66,1
1498609562,2560.5,1
1498609862,2553.32,1
1498610162,2555.93,1
1498610462,2550.25,1
1498610762,2542.28,1
1498611062,2536.58,1
1498611362,2531.61,1
1498611662,2534.57,1
1498611962,2524.42,1
1498612262,2527.18,1
1498612562,2541.12,1
1498612862,2548.15,1
1498613162,2533.77,1
1498613462,2522.24,1
1498613762,2514.24,1
1498614062,2514.07,1
1498614362,2516.09,1
1498614662,2508.41,1
1498614962,2493.08,1
