1498176062,2722.98,1
1498176362,2724.44,1
1498176662,2725.89,1
1498176962,2724.57,1
1498177262,2724.56,1
1498177562,2725.54,1
1498177862,2723.36,1
1498178161,2727.24,1
1498178462,2727.79,1
1498178762,2730.42,1
1498179062,2739.57,1
1498179362,2740.28,1
1498179662,2736.58,1
1498179962,2735.22,1
1498180262,2733.32,1
1498180562,2734.72,1
1498180862,2736.94,1
1498181162,2739.9,1
1498181462,2740.8,1
1498181762,2741.92,1
1498182062,2745.9,1
1498182362,2747.14,1
1498182662,2749.47,1
1498182962,2749.58,1
1498183262,2749.75,1
1498183562,2754.06,1
1498183862,2757.39,1
1498184162,2757.61,1
1498184462,2756.47,1
1498184762,2752.75,1
1498185062,2752.82,1
1498185362,2751,1
1498185662,2746.67,1
1498185962,2746.28,1
1498186262,2744.35,1
1498186562,2744.07,1
1498186862,2743.76,1
1498187162,2742.06,1
1498187462,2742.48,1
1498187762,2743.94,1
1498188062,2740.69,1
1498188362,2743.13,1
1498188662,2742.22,1
1498188962,2742.01,1
1498189261,2743.22,1
1498189562,2742.52,1
1498189862,2745.54,1
1498190162,2745.21,1
1498190462,2747.02,1
1498190762,2746.55,1
1498191062,2749.1,1
1498191362,2749.08,1
1498191662,2747.3,1
1498191961,2749.07,1
1498192262,2748.37,1
1498192562,2748.2,1
1498192862,2746.99,1
1498193162,2745.83,1
1498193462,2748.29,1
1498193762,2748.16,1
1498194062,2749.27,1
1498194362,2748.74,1
1498194662,2748.86,1
1498194962,2745.14,1
1498195262,2742.32,1
1498195562,2744.8,1
1498195862,2745.97,1
1498196162,2745.24,1
1498196462,2744.66,1
1498196762,2743.25,1
1498197062,2744.11,1
1498197362,2748.84,1
1498197662,2748.17,1
1498197962,2743.3,1
1498198262,2745.82,1
1498198562,2742.31,1
1498198861,2740.77,1
1498199161,2737.29,1
1498199462,2730.83,1
1498199762,2729.31,1
1498200062,2728.1,1
1498200362,2730.82,1
1498200662,2733.04,1
1498200962,2733.48,1
1498201262,2733.54,1
1498201562,2733.53,1
1498201862,2735.1,1
1498202162,2736.97,1
1498202462,2736.37,1
1498202762,2735.42,1
1498203062,2736.21,1
1498203362,2735.08,1
1498203662,2733.44,1
1498203962,2731.74,1
1498204262,2731.73,1
1498204562,2732.73,1
1498204862,2732.18,1
1498205162,2732.69,1
1498205462,2731.75,1
1498205762,2727.77,1
1498206062,2722.96,1
1498206362,2718.77,1
1498206662,2715.12,1
1498206962,2706.9,1
1498207261,2703.86,1
1498207561,2707.73,1
1498207862,2706.13,1
1498208162,2709.46,1
1498208462,2713.5,1
1498208762,2713.69,1
1498209062,2713.15,1
1498209362,2711.83,1
1498209662,2712.77,1
1498209962,2712.05,1
1498210262,2712.79,1
1498210562,2714.87,1
1498210862,2718.77,1
1498211162,2718.94,1
1498211462,2718.52,1
1498211762,2718.37,1
1498212062,2715.14,1
1498212362,2717.17,1
1498212661,2717.79,1
1498212962,2723.45,1
1498213262,2723.37,1
1498213562,2726.47,1
1498213862,2728.78,1
1498214162,2728.36,1
1498214462,2731.24,1
1498214762,2731.15,1
1498215062,2733.15,1
1498215361,2730,1
1498215662,2727.54,1
1498215962,2730.31,1
1498216262,2731.15,1
1498216562,2730.49,1
1498216862,2731.38,1
1498217162,2727.72,1
1498217462,2726.03,1
1498217762,2728.28,1
1498218062,2730.11,1
1498218362,2730.62,1
1498218662,2729.81,1
1498218962,2725.28,1
1498219262,2728.73,1
1498219562,2728.16,1
1498219862,2728.23,1
1498220162,2726.59,1
1498220462,2724.51,1
1498220762,2727.46,1
1498221062,2722.95,1
1498221362,2723.28,1
1498221662,2722.84,1
1498221962,2722.98,1
1498222262,2723.75,1
1498222562,2721.34,1
1498222862,2721.85,1
1498223162,2719.38,1
1498223462,2719.61,1
1498223762,2720.5,1
1498224062,2721.37,1
1498224362,2721.81,1
1498224662,2726.15,1
1498224962,2726.38,1
1498225262,2727.23,1
1498225561,2729.48,1
1498225862,2732.21,1
1498226162,2729.97,1
1498226462,2728.08,1
1498226762,2729.46,1
1498227062,2727.48,1
1498227362,2728.23,1
1498227662,2730.71,1
1498227962,2729.83,1
1498228262,2730.86,1
1498228562,2731.74,1
1498228862,2732.28,1
1498229162,2733.39,1
1498229462,2736.5,1
1498229762,2738.88,1
1498230062,2740.95,1
1498230362,2742.04,1
1498230663,2745.82,1
1498230962,2748.09,1
1498231262,2748.71,1
1498231561,2747.53,1
1498231861,2745.67,1
1498232162,2742.88,1
1498232462,2739.32,1
1498232762,2735.18,1
1498233062,2733.05,1
1498233362,2733.23,1
1498233662,2736.72,1
1498233962,2734.41,1
1498234262,2736.27,1
1498234562,2732.57,1
1498234862,2733.81,1
1498235162,2735.77,1
1498235462,2739.2,1
1498235762,2741.59,1
1498236062,2742.79,1
1498236362,2742.28,1
1498236662,2742.73,1
1498236962,2742.78,1
1498237262,2744.65,1
1498237562,2745.38,1
1498237862,2746.48,1
1498238162,2747.17,1
1498238462,2747.54,1
1498238762,2749.47,1
1498239062,2750.59,1
1498239362,2751.44,1
1498239662,2749.8,1
1498239962,2749.42,1
1498240262,2745.45,1
1498240563,2746.49,1
1498240862,2742.3,1
1498241162,2741.42,1
1498241462,2737.47,1
1498241762,2737.24,1
1498242062,2736.49,1
1498242362,2736.32,1
1498242662,2735.26,1
1498242962,2735.1,1
1498243262,2735.34,1
1498243562,2734.95,1
1498243862,2734.11,1
1498244161,2734.73,1
1498244462,2732.92,1
1498244762,2731.96,1
1498245062,2733.05,1
1498245362,2740.5,1
1498245662,2740.17,1
1498245962,2739.11,1
1498246262,2736.36,1
1498246562,2726.15,1
1498246862,2726.28,1
1498247162,2727.37,1
1498247462,2729.31,1
1498247762,2729.27,1
1498248062,2738.79,1
1498248362,2737.08,1
1498248661,2734.33,1
1498248961,2734.69,1
1498249262,2739.33,1
1498249562,2738.99,1
1498249862,2741.08,1
1498250162,2740.09,1
1498250462,2739.7,1
1498250762,2737.63,1
1498251062,2737.99,1
1498251362,2738.95,1
