1498867262,2482.5,1
1498867562,2488.99,1
1498867862,2491.16,1
1498868162,2491.62,1
1498868462,2492.76,1
1498868762,2490.78,1
1498869062,2490.4,1
1498869362,2489.31,1
1498869662,2491.04,1
1498869962,2491.2,1
1498870262,2488.29,1
1498870562,2486.44,1
1498870862,2490.02,1
1498871162,2487.47,1
1498871462,2482.72,1
1498871762,2476.62,1
1498872061,2471.02,1
1498872362,2464.73,1
1498872662,2461.12,1
1498872962,2456.97,1
1498873262,2445.84,1
1498873562,2443.24,1
1498873862,2442.46,1
1498874162,2443.59,1
1498874462,2442.62,1
