1498348862,2590.06,1
1498349162,2586.83,1
1498349462,2580.36,1
1498349762,2586.22,1
1498350062,2589.69,1
1498350361,2585.39,1
1498350662,2578.88,1
1498350962,2578.38,1
1498351262,2567.54,1
1498351562,2566.05,1
1498351862,2566.35,1
1498352162,2570.69,1
1498352462,2572.94,1
1498352762,2572.37,1
1498353062,2559.87,1
1498353362,2559,1
1498353662,2557.61,1
1498353962,2553.79,1
1498354262,2534.96,1
1498354562,2554.3,1
1498354862,2550.04,1
1498355162,2550.07,1
1498355462,2555.44,1
1498355762,2561.28,1
