1498953661,2424.79,1
1498953962,2419.64,1
1498954262,2415.21,1
1498954562,2411.69,1
1498954862,2416.46,1
1498955162,2414.45,1
1498955462,2409.91,1
1498955762,2410.41,1
1498956061,2408.7,1
1498956362,2399.4,1
1498956662,2397.23,1
1498956962,2385.4,1
1498957262,2392.03,1
1498957562,2388.61,1
1498957862,2396.07,1
1498958162,2407.26,1
1498958462,2412.25,1
1498958762,2410.97,1
1498959062,2407.59,1
1498959362,2413.58,1
1498959662,2416.08,1
1498959962,2408.92,1
1498960262,2408.45,1
1498960562,2407.69,1
1498960862,2407.94,1
