1498694462,2575.31,1
1498694762,2574.06,1
1498695062,2580.59,1
1498695362,2577.69,1
1498695662,2574.14,1
1498695962,2572.52,1
1498696262,2573.2,1
1498696562,2579.91,1
1498696862,2582.13,1
1498697162,2581.45,1
1498697462,2579.5,1
1498697762,2570.54,1
1498698062,2569.59,1
1498698362,2572.05,1
1498698662,2572.73,1
1498698962,2570.69,1
1498699262,2568.53,1
1498699562,2564.07,1
1498699862,2563.62,1
1498700162,2567.35,1
1498700462,2574.57,1
1498700762,2579.18,1
1498701062,2580.72,1
1498701362,2583.3,1
