1498780862,2562.59,1
1498781162,2565.15,1
1498781462,2562.76,1
1498781762,2559.28,1
1498782062,2562.17,1
1498782362,2565.7,1
1498782662,2566.05,1
1498782962,2563.04,1
1498783262,2561.98,1
1498783562,2563.5,1
1498783862,2562.44,1
1498784162,2563.24,1
1498784462,2566.86,1
1498784762,2561.79,1
1498785062,2559.41,1
1498785362,2563.49,1
1498785662,2564.52,1
1498785962,2566.12,1
1498786262,2564.62,1
1498786562,2563.75,1
1498786862,2563.96,1
1498787162,2563.78,1
1498787462,2563.89,1
1498787762,2560.71,1
