1498521662,2448.54,1
1498521962,2444.83,1
1498522262,2446.74,1
1498522562,2444.32,1
1498522862,2431.73,1
1498523162,2424.08,1
1498523462,2437.06,1
1498523762,2455.42,1
1498524062,2452.25,1
1498524362,2452.67,1
1498524662,2442.25,1
1498524962,2435.18,1
1498525262,2446.28,1
1498525562,2447.89,1
1498525862,2449.83,1
1498526162,2443.88,1
1498526462,2440.76,1
1498526762,2444.79,1
1498527062,2458.81,1
1498527362,2468.57,1
1498527662,2472.67,1
1498527962,2466.09,1
1498528262,2468.94,1
1498528562,2471.75,1
