1498262462,2710.4,1
1498262762,2712.58,1
1498263062,2716.69,1
1498263362,2717.04,1
1498263662,2719.5,1
1498263962,2721.22,1
1498264262,2719.86,1
1498264562,2720.24,1
1498264862,2723.01,1
1498265162,2723.17,1
1498265462,2724,1
1498265762,2725.78,1
1498266062,2724.68,1
1498266362,2725.26,1
1498266662,2724.92,1
1498266962,2726.39,1
1498267262,2727.6,1
1498267562,2726.62,1
1498267862,2724.21,1
1498268162,2725.31,1
1498268462,2725.88,1
1498268762,2722.27,1
1498269062,2722.46,1
1498269362,2720.55,1
1498269662,2722.81,1
1498269962,2722.66,1
1498270263,2723.44,1
1498270562,2723,1
1498270862,2724.28,1
1498271162,2722.01,1
1498271462,2721.29,1
1498271762,2724.98,1
1498272062,2727.19,1
1498272362,2728.05,1
1498272662,2728.41,1
1498272963,2730.81,1
