1499644862,2512.52,1
1499645162,2517.72,1
1499645462,2516.99,1
1499645762,2516.86,1
1499646062,2514.24,1
1499646362,2510.22,1
1499646662,2510.59,1
1499646962,2508.92,1
1499647262,2509.53,1
1499647562,2509.29,1
1499647862,2503.21,1
1499648162,2502.17,1
1499648462,2503.67,1
1499648762,2507.78,1
1499649062,2510.43,1
1499649362,2514.69,1
1499649662,2514.12,1
1499649962,2512.35,1
1499650262,2508.75,1
1499650562,2508.51,1
1499650862,2507.88,1
1499651162,2515.32,1
1499651462,2515.3,1
1499651762,2517.05,1
1499652062,2520.07,1
1499652362,2517.14,1
1499652662,2519.03,1
1499652962,2522.41,1
1499653262,2524.66,1
