1499126462,2572.74,1
1499126762,2574.68,1
1499127062,2575.14,1
1499127362,2580.89,1
1499127662,2583.16,1
1499127962,2582.73,1
1499128262,2582.91,1
1499128562,2585.19,1
1499128862,2589.26,1
1499129162,2591.13,1
1499129462,2593.02,1
1499129762,2592.23,1
1499130063,2591.87,1
1499130362,2591.47,1
1499130662,2591.88,1
1499130962,2591.24,1
1499131262,2591.53,1
1499131562,2592.18,1
1499131862,2593.71,1
1499132162,2595.76,1
1499132462,2594.86,1
1499132762,2598.42,1
1499133062,2598.64,1
1499133362,2598.67,1
1499133662,2598.37,1
1499133962,2598.07,1
1499134262,2599.18,1
1499134562,2601.62,1
1499134862,2604.95,1
1499135162,2605.98,1
1499135462,2606.15,1
1499135762,2605,1
1499136061,2608.44,1
1499136362,2621.35,1
1499136662,2632.27,1
1499136962,2634.91,1
1499137262,2630.4,1
