1499558462,2562.24,1
1499558762,2564.92,1
1499559062,2568.86,1
1499559362,2570.05,1
1499559662,2569.92,1
1499559962,2566.8,1
1499560262,2563.85,1
1499560562,2565.97,1
1499560862,2566.1,1
1499561162,2562.99,1
1499561462,2562.94,1
1499561762,2563.03,1
1499562062,2566.47,1
1499562362,2565.8,1
1499562662,2567.81,1
1499562962,2565.61,1
1499563262,2565.57,1
1499563562,2566.45,1
1499563862,2562.2,1
1499564162,2562.87,1
1499564462,2561.37,1
1499564762,2563.2,1
1499565062,2566,1
1499565362,2566.71,1
1499565662,2566.49,1
1499565962,2567.76,1
1499566262,2560.25,1
1499566562,2558.87,1
1499566862,2558.19,1
