1499212862,2616.46,1
1499213162,2611.84,1
1499213462,2610.89,1
1499213762,2609.63,1
1499214062,2607.82,1
1499214361,2607.73,1
1499214662,2602.91,1
1499214962,2601.41,1
1499215262,2601.41,1
1499215562,2594.04,1
1499215862,2593.69,1
1499216162,2587.1,1
1499216462,2588.19,1
1499216762,2585.95,1
1499217062,2587.9,1
1499217362,2586.38,1
1499217662,2592.39,1
1499217962,2597.19,1
1499218263,2596.45,1
1499218562,2596.11,1
1499218862,2596.34,1
1499219162,2596.25,1
1499219462,2586.67,1
1499219762,2588.32,1
1499220062,2587.02,1
1499220362,2587.61,1
1499220662,2586.95,1
1499220962,2582.34,1
1499221262,2581.33,1
1499221562,2580.23,1
1499221862,2587.53,1
1499222162,2588.94,1
1499222462,2585.1,1
1499222762,2581.96,1
1499223062,2579.88,1
1499223362,2584.3,1
1499223662,2587.29,1
1499223962,2588.35,1
1499224262,2588.54,1
1499224562,2588.67,1
1499224862,2589.06,1
1499225162,2588.53,1
1499225462,2590.73,1
1499225762,2590.9,1
1499226062,2589.57,1
1499226362,2587.78,1
1499226662,2586.93,1
1499226962,2584.46,1
1499227262,2585.52,1
1499227562,2584.69,1
1499227862,2582.16,1
1499228162,2581.25,1
1499228462,2577.23,1
1499228762,2569.42,1
1499229062,2567.15,1
1499229362,2569.11,1
1499229662,2570.62,1
1499229962,2570.8,1
1499230262,2569.73,1
1499230562,2572.81,1
1499230862,2572.25,1
