1499299262,2626.12,1
1499299562,2629.12,1
1499299862,2629.12,1
1499300162,2629.41,1
1499300462,2630.1,1
1499300762,2629.57,1
1499301062,2629.78,1
1499301362,2628.54,1
1499301662,2631.12,1
1499301962,2629.95,1
1499302262,2630.85,1
1499302562,2630.05,1
1499302862,2628.27,1
1499303162,2624.04,1
1499303462,2621.88,1
1499303762,2625.27,1
1499304062,2617.72,1
1499304363,2613.55,1
1499304663,2613.05,1
1499304962,2615.04,1
1499305262,2612.3,1
1499305562,2611.12,1
1499305862,2612.32,1
1499306161,2612.71,1
1499306462,2610.91,1
