1499487662,2522.53,1
1499487962,2523.43,1
1499488262,2524.56,1
1499488562,2524.15,1
1499488861,2521.87,1
1499489161,2525.73,1
1499489462,2527.56,1
1499489762,2529.64,1
1499490061,2530.46,1
1499490362,2530.43,1
1499490662,2529.8,1
1499490962,2529.92,1
1499491262,2525.37,1
1499491562,2520.59,1
1499491862,2518.53,1
1499492162,2515.1,1
1499492462,2513.81,1
1499492762,2513.82,1
1499493062,2523.34,1
1499493362,2519.38,1
1499493662,2518.86,1
1499493962,2518.8,1
1499494262,2515.42,1
1499494562,2506.62,1
1499494862,2504.94,1
