1499040061,2536.23,1
1499040362,2533.02,1
1499040662,2538.67,1
1499040962,2537.65,1
1499041262,2535.24,1
1499041562,2532.8,1
1499041862,2530.78,1
1499042162,2527.81,1
1499042462,2523.99,1
1499042761,2520.44,1
1499043061,2520.49,1
1499043362,2520.7,1
1499043662,2521.26,1
1499043962,2519.95,1
1499044262,2518.68,1
1499044561,2520.79,1
1499044862,2522.46,1
1499045162,2526.93,1
1499045462,2526.82,1
1499045762,2519.5,1
1499046062,2519.85,1
1499046362,2520.77,1
1499046662,2526.96,1
1499046962,2529.39,1
1499047262,2532.29,1
1499047562,2531.75,1
1499047862,2526.38,1
1499048162,2524.75,1
1499048462,2526.72,1
1499048762,2526.8,1
1499049062,2519.54,1
1499049362,2521.22,1
1499049662,2522.44,1
1499049962,2520.34,1
1499050262,2519.21,1
1499050562,2519.41,1
1499050862,2517.91,1
