1499385662,2615.55,1
1499385962,2613.92,1
1499386262,2614.83,1
1499386562,2614.99,1
1499386862,2615.4,1
1499387162,2615.61,1
1499387462,2615.41,1
1499387762,2616.46,1
1499388062,2616.29,1
1499388362,2616.18,1
1499388662,2615.45,1
1499388962,2615.28,1
1499389262,2614.82,1
1499389562,2614.27,1
1499389861,2607.99,1
1499390161,2599.31,1
1499390462,2600.74,1
1499390762,2604.13,1
1499391062,2606.02,1
1499391362,2603.67,1
1499391662,2604.69,1
1499391962,2604.94,1
1499392262,2605.23,1
1499392562,2605.51,1
1499392862,2605.8,1
