1497916862,358.15,.1384
1497917162,358.53,.1383
1497917462,358.33,.1383
1497917763,358.95,.1382
1497918062,359.2,.1381
1497918362,358.34,.1379
1497918662,358.11,.1376
1497918962,358.81,.1374
1497919263,358.27,.1375
1497919562,358.4,.1375
1497919862,357.82,.1374
1497920162,357.76,.1375
1497920462,358.05,.1379
1497920762,358.37,.1379
1497921062,358.78,.1382
1497921362,359.44,.1381
1497921662,359.18,.1382
1497921962,359.33,.1381
1497922261,359.41,.138
1497922562,359.34,.1379
1497922862,359.57,.138
1497923162,359.79,.1379
1497923462,359.96,.138
1497923762,360.14,.1379
