1497744063,368.07,.1396
1497744366,368.28,.1398
1497744662,368.69,.1397
1497744962,368.82,.14
1497745262,367.95,.1399
1497745562,367.5,.14
1497745861,368.19,.1403
1497746161,368.5,.1402
1497746462,368.63,.1405
1497746762,368.65,.141
1497747062,368.69,.1407
1497747362,368.66,.1409
1497747661,369.02,.141
1497747962,368.85,.1403
1497748262,368.65,.1404
1497748562,368.85,.1403
1497748861,369.05,.1404
1497749162,369.12,.1402
1497749462,369.23,.1401
1497749762,369.33,.1401
1497750062,369.45,.14
1497750362,369.43,.1401
1497750662,369.38,.1402
1497750962,370.01,.1402
