1498089662,326.16,.1235
1498089962,328.98,.1231
1498090262,328.64,.1228
1498090562,330.89,.1235
1498090862,333.37,.1242
1498091162,332.1,.1244
1498091462,332.06,.1244
1498091762,328.68,.1232
1498092062,327.07,.1228
1498092362,328.05,.1226
1498092662,327.12,.1236
1498092962,327.62,.1241
1498093262,328.03,.1242
1498093562,328.01,.1244
1498093862,327.68,.1247
1498094162,326.79,.1244
1498094462,319.91,.1235
1498094762,315.6,.1225
1498095062,317.53,.1218
1498095362,316.93,.1225
1498095662,317.53,.123
1498095962,318.54,.1224
1498096261,319.19,.1226
1498096562,320.3,.1227
1498096862,319.01,.1226
1498097162,319.38,.1226
1498097462,319.1,.1229
1498097762,319.62,.1231
1498098062,321.97,.1237
1498098362,324.65,.124
1498098662,323.78,.1243
1498098962,321.93,.1239
1498099262,322.46,.1235
1498099562,321.78,.123
1498099862,321.94,.1229
1498100162,322.83,.123
