1497830462,351.66,.1402
1497830762,352.06,.1404
1497831062,353.4,.1405
1497831362,353.71,.1407
1497831662,355.1,.1406
1497831962,357.27,.1406
1497832262,357.58,.1407
1497832562,354.87,.1409
1497832862,355,.1409
1497833162,352.82,.1407
1497833462,352.96,.1407
1497833761,354.21,.1406
1497834062,355.48,.1406
1497834362,356.92,.1407
1497834662,356.42,.1409
1497834962,356.75,.1409
1497835262,357.08,.1414
1497835562,357.28,.1414
1497835862,356.32,.1411
1497836162,355.88,.141
1497836461,356.18,.1412
1497836762,354.56,.1406
1497837062,352.31,.1408
1497837362,351.84,.1404
1497837662,351.65,.1403
1497837962,352.18,.1403
1497838262,353.25,.1406
1497838562,353.74,.1404
1497838862,354.3,.1406
1497839162,354.58,.1408
1497839463,354.99,.1406
1497839762,355.25,.1407
1497840062,356.14,.1405
1497840362,356.09,.1404
1497840662,355.6,.1403
1497840962,355.68,.1403
1497841262,356.7,.14
1497841562,358.81,.1401
1497841862,359.24,.1404
1497842162,359.11,.1404
1497842462,359.17,.1407
1497842762,359.29,.1407
1497843062,358.9,.1405
1497843362,359.19,.1407
1497843662,359.34,.1404
1497843962,359.28,.1405
1497844262,359.25,.1407
1497844562,360.45,.1408
