1498003262,350.44,.13
1498003562,351.22,.1308
1498003862,350.71,.131
1498004162,349.18,.1303
1498004461,349.75,.1301
1498004762,349.48,.1298
1498005062,350.25,.1301
1498005362,351.01,.13
1498005662,351.3,.1302
1498005962,351.28,.1306
1498006262,351.55,.1308
1498006562,351.92,.1313
1498006862,352.5,.1317
1498007162,352.73,.1321
1498007462,352.72,.1323
1498007762,352.37,.1324
1498008061,352.04,.1323
1498008362,351.5,.1319
1498008662,347.97,.1307
1498008962,348.73,.1308
1498009262,348.84,.1303
1498009562,348.46,.1305
1498009862,347.44,.1304
1498010162,349.35,.1305
