1497679535,351.87,.1418
1497679552,351.87,.1418
1497679595,353.52,.142
1497681152,355,.1418
1497681218,355.13,.1417
1497681246,354.8,.1416
1497681324,354.7,.1416
1497681344,353.85,.1416
1497681386,354.21,.1416
1497681406,353.89,.1416
1497681591,354.86,.1416
1497681662,354.79,.1415
1497681962,355.13,.1417
1497682262,355.65,.1418
1497682562,354.92,.1417
1497682862,355.05,.1418
1497683162,355.69,.1418
1497683462,355.3,.1418
1497683762,355.65,.1419
1497684062,355.84,.1419
1497684362,354.95,.1417
1497684662,354.46,.1417
1497684962,354.5,.1418
1497685262,355.03,.1418
1497685562,355.07,.142
1497685862,354.65,.142
1497686162,354.21,.1421
1497686462,353.79,.1418
1497686762,354.81,.142
1497687062,354.46,.1418
1497687362,354.94,.142
1497687662,355.81,.1417
1497687962,354.12,.1411
1497688262,354.02,.141
1497688562,353.93,.1413
1497688862,354.22,.1411
1497689162,353.89,.1409
1497689462,353.74,.1412
1497689762,354.15,.1411
