1498608062,286.4,.1118
1498608362,283.01,.1114
1498608662,284.39,.1115
1498608962,285.26,.1118
1498609262,283.19,.1119
1498609562,279.89,.111
1498609862,278.59,.11
1498610162,280.02,.111
1498610462,280.27,.1109
1498610762,278.39,.1104
1498611062,276.82,.1092
1498611362,274.65,.1082
1498611662,269.71,.1083
1498611962,265.28,.107
1498612262,269.72,.1073
1498612562,273.63,.109
1498612862,272.29,.1083
1498613162,267.5,.1071
1498613462,269.71,.108
1498613762,265.85,.1071
1498614062,265.64,.107
1498614362,265.82,.1071
1498614662,264.37,.1068
1498614962,261.67,.1062
1498615262,263.66,.1063
1498615562,267.96,.1071
1498615862,268.46,.1071
1498616162,267.01,.1072
1498616462,265.56,.1067
1498616762,265.75,.1066
1498617062,267.72,.1071
1498617362,266.14,.107
1498617662,265.67,.1069
1498617962,265.92,.1069
1498618262,265.08,.1069
1498618562,263.94,.1065
1498618862,263.47,.1064
1498619162,266.6,.1069
1498619462,267.54,.1073
1498619762,269.6,.108
1498620062,276.24,.1095
1498620362,277.55,.1102
1498620662,276.05,.1096
1498620962,275.88,.1095
1498621262,274.95,.1092
1498621561,276.97,.1094
1498621862,279.03,.11
1498622162,279.86,.1103
1498622462,278.61,.1099
1498622762,279.33,.11
1498623062,278.59,.1104
1498623362,276.96,.11
1498623662,274.62,.1091
1498623962,273.98,.1084
1498624262,275.02,.1089
1498624562,275.52,.1094
1498624861,275.1,.1096
1498625167,272.38,.1088
1498625462,271.25,.1085
1498625762,271.42,.1088
1498626062,270.98,.1085
1498626362,267.96,.108
1498626662,268.37,.1077
1498626962,267.43,.1078
1498627262,267.27,.1076
1498627562,267.1,.1077
1498627862,266.65,.1073
1498628162,265.49,.1072
1498628462,267.5,.1074
1498628762,272.95,.109
1498629062,270.37,.1088
1498629361,270.44,.1086
1498629662,269.59,.1083
1498629962,268.3,.1079
1498630262,267.66,.108
1498630562,268.14,.1081
1498630862,268.77,.108
1498631162,269.21,.1082
1498631462,269.82,.1085
1498631762,271.28,.1091
1498632062,274.37,.1094
1498632662,273.06,.1094
1498632962,273.35,.1096
1498633262,273.53,.1097
1498633562,275.11,.1098
1498633862,276.83,.1105
1498634162,278.63,.1109
1498634462,277.31,.1104
1498634762,276.98,.1102
1498635062,277.17,.1105
1498635362,277.38,.1105
1498635662,278.63,.1109
1498635962,279.97,.1117
1498636262,280.15,.1113
1498636562,281.04,.1116
1498636862,280.95,.1116
1498637162,280.57,.1117
1498637462,282.18,.112
1498637762,282.68,.1123
1498638062,283.29,.1126
1498638362,284.98,.1135
1498638662,285.68,.1136
1498638962,281.09,.1126
1498639262,276.88,.1111
1498639562,278.51,.1117
1498639862,282.48,.113
1498640162,284.1,.1136
1498640462,282.73,.1135
1498640762,283.85,.114
1498641062,285.67,.1148
1498641362,284.6,.1136
1498641662,286.46,.1142
1498641962,286.56,.1143
1498642262,286.73,.114
1498642562,286.52,.1142
1498642862,285.98,.1137
1498643162,286.09,.1137
1498643462,285.09,.1136
1498643762,284.61,.1133
1498644062,284.29,.1127
1498644362,285.75,.1134
1498644662,287.06,.1135
1498644962,287.42,.1136
1498645262,287.72,.1136
1498645562,287.61,.1137
1498645862,287.05,.1137
1498646162,284.44,.113
1498646462,285.24,.1131
1498646762,284.37,.1133
1498647062,283.99,.1131
1498647362,284.42,.1132
1498647662,284.36,.1133
1498647962,284.79,.1134
1498648262,285.37,.1132
1498648562,283.46,.113
1498648862,280.52,.1121
1498649162,280.22,.1119
1498649461,282.27,.1119
1498649762,282.89,.1123
1498650062,284.37,.1126
1498650362,284.49,.113
1498650662,285.06,.113
1498650962,286.35,.1131
