1498780862,293.06,.1156
1498781162,295.63,.1164
1498781462,296.01,.117
1498781762,295.3,.1171
1498782062,295,.1168
1498782362,295.39,.1162
1498782662,294.34,.116
1498782962,296.17,.1164
1498783262,295.74,.1163
1498783562,295.58,.1164
1498783862,295.85,.1167
1498784162,295.44,.1167
1498784462,296.17,.1166
1498784762,294.35,.1165
1498785062,293.81,.1155
1498785362,292.21,.1152
1498785662,291.76,.115
1498785962,292.51,.1154
1498786262,293.8,.1157
1498786562,293.51,.1154
1498786862,292.8,.1154
1498787162,292.25,.115
1498787462,291.16,.115
1498787762,291.03,.1149
