1498176062,320.9,.1202
1498176362,321.1,.1203
1498176662,321.72,.1205
1498176962,321.54,.1205
1498177262,321.73,.1205
1498177562,321.86,.1203
1498177862,321.52,.12
1498178161,321.41,.1197
1498178462,320.79,.1198
1498178762,320.91,.1197
1498179062,321.1,.1198
1498179362,320.52,.1196
1498179662,320.53,.1197
1498179962,320.17,.1198
1498180262,320.3,.1198
1498180562,320.4,.1197
1498180862,320.71,.1196
1498181162,320.77,.1195
1498181462,320.41,.1192
1498181762,320.3,.1192
1498182062,320.58,.1191
1498182362,321.18,.119
1498182662,321.09,.1188
1498182962,321.35,.1188
1498183262,321.72,.1188
1498183562,322.2,.1188
1498183862,322.15,.1188
1498184162,321.8,.1185
1498184462,321.78,.1188
1498184762,321.98,.1194
1498185062,322.32,.1193
1498185362,322.51,.1195
1498185662,322.98,.1196
1498185962,323.46,.1196
1498186262,323.2,.1196
1498186562,323.01,.1194
