1498435262,279.36,.1109
1498435562,279.05,.1114
1498435862,274.23,.1102
1498436162,271.42,.109
1498436462,275.08,.1097
1498436762,276.5,.1102
1498437062,276.44,.1101
1498437362,277.61,.1106
1498437662,278.7,.1106
1498437962,279.31,.1105
1498438262,280.3,.1109
1498438562,282.08,.1118
1498438862,282.27,.112
1498439162,281.48,.1119
1498439462,281.36,.112
1498439762,282.15,.1119
1498440062,282.49,.1122
1498440362,283.54,.1123
1498440662,283.91,.1122
1498440961,285.02,.1122
1498441262,287.04,.1125
1498441562,288.25,.113
1498441862,289.22,.1134
1498442162,290.56,.1138
1498442462,292.04,.1144
1498442762,289.87,.1142
1498443062,288.41,.1134
1498443362,289.67,.1134
1498443662,289.1,.1138
1498443962,289.56,.1138
1498444262,289.36,.1135
1498444562,287.41,.1128
1498444861,285.08,.1124
1498445162,282.28,.1113
1498445462,284.89,.1122
1498445762,285.32,.1124
