1498262462,326.86,.1214
1498262762,326.6,.1215
1498263062,327.58,.1215
1498263362,327.21,.1215
1498263662,327.16,.1216
1498263962,327.48,.1215
1498264262,327.63,.1215
1498264562,327.13,.1215
1498264862,327.26,.1215
1498265162,327.54,.1216
1498265462,327.64,.1216
1498265762,328,.1215
1498266062,328.16,.1217
1498266362,327.87,.1217
1498266662,328.56,.1218
1498266962,329.38,.1217
1498267262,329.87,.122
1498267562,329.93,.122
1498267862,329.79,.122
1498268162,329.63,.1219
1498268462,329.89,.122
1498268762,329.4,.1218
1498269062,328.6,.122
1498269362,328.85,.1219
