1498348862,304.91,.1186
1498349162,304.46,.1186
1498349462,304.4,.1185
1498349762,304.37,.1185
1498350062,304.34,.1183
1498350361,303.88,.1184
1498350662,302.98,.1184
1498350962,303.38,.1182
1498351262,300.93,.118
1498351562,299.63,.118
1498351862,299.39,.118
1498352162,298.94,.1174
1498352462,298.48,.117
1498352762,296.96,.1168
1498353062,293.99,.1165
1498353362,295.07,.1164
1498353662,295.26,.1165
1498353962,299.69,.118
1498354262,296.27,.1178
1498354562,295.74,.1172
1498354862,296.59,.1175
1498355162,295.9,.1176
1498355462,296.19,.1174
1498355762,297.33,.1176
1498356062,298.38,.1177
1498356362,299.28,.118
1498356662,298.58,.1183
1498356962,298.62,.1182
1498357262,299.77,.1182
1498357562,299.83,.1182
1498357862,300.5,.1184
1498358162,301.32,.1184
1498358462,302.26,.1188
1498358762,303.44,.1191
1498359063,303.38,.1195
1498359362,303.48,.1194
1498359662,303.89,.1193
1498359962,303.52,.1191
1498360262,302.31,.1189
1498360562,302.44,.1189
1498360862,301.92,.1188
1498361162,301.48,.1188
1498361462,300.86,.1189
1498361762,300.23,.1188
1498362062,300.26,.1189
1498362362,301.51,.119
1498362662,302.07,.119
1498362962,302.29,.119
1498363262,302.74,.1191
1498363562,302.92,.1191
1498363862,303.77,.1192
1498364162,304.13,.1191
1498364461,304.08,.1191
1498364762,304.84,.1192
1498365062,305.2,.1193
1498365362,305.17,.1194
1498365662,305.42,.1195
1498365962,306.54,.1196
1498366262,305.79,.1195
1498366562,306.8,.1194
1498366862,306.71,.1195
1498367162,306.97,.1195
1498367462,307.29,.1195
1498367762,307.85,.1195
1498368062,308.31,.1196
1498368362,308.38,.1197
1498368662,308.52,.1198
1498368962,308.06,.1198
1498369262,309.33,.12
1498369562,309.92,.1201
1498369862,309.74,.1201
1498370162,309.85,.1203
1498370462,309.58,.1203
1498370762,308.86,.1198
1498371062,308.66,.1196
1498371362,308.4,.1197
1498371662,307.09,.1192
1498371962,306.75,.1188
1498372262,307.37,.119
1498372562,308.11,.119
1498372861,308.27,.1191
1498373162,308.02,.1192
1498373462,308.01,.1193
1498373762,308.75,.1193
