1498521662,253.4,.105
1498521962,252.66,.1049
1498522262,251.42,.1042
1498522562,249.61,.104
1498522862,244.07,.1021
1498523162,244.7,.102
1498523462,249.69,.1034
1498523762,252.98,.1045
1498524062,252.02,.1043
1498524362,252.69,.1044
1498524662,250.26,.1036
1498524962,247.79,.1033
1498525262,250.4,.1039
1498525562,251.07,.104
1498525862,251,.104
1498526162,250.77,.1042
1498526462,250.22,.104
1498526762,251.22,.1041
1498527062,247.39,.102
1498527362,249.08,.102
1498527662,249.35,.1021
1498527962,248.81,.102
1498528262,248.65,.1017
1498528562,249.82,.1024
1498528862,251.36,.1027
1498529162,251.22,.1027
1498529462,251,.1023
1498529762,251.42,.1023
1498530062,251.74,.1026
1498530362,251.63,.1026
1498530662,251.93,.1028
1498530962,251.94,.1027
1498531262,252.35,.1027
1498531562,253.02,.1028
1498531861,253.3,.1033
1498532162,254.63,.1033
