1498867262,279.75,.1141
1498867562,279.26,.1136
1498867862,278.25,.1133
1498868162,279.12,.1132
1498868462,279.57,.1133
1498868762,281.22,.114
1498869062,281.42,.114
1498869362,278.92,.1134
1498869662,277.76,.113
1498869962,276.04,.1127
1498870262,276.11,.1125
1498870562,277.08,.1131
1498870862,278.44,.1128
1498871162,278.51,.1132
1498871462,278.98,.1134
1498871762,279.33,.1136
1498872061,278.57,.1132
1498872362,278.22,.1131
1498872662,276.85,.1129
1498872962,275.44,.1125
1498873262,272.92,.1119
1498873562,271.72,.1116
1498873862,273.73,.1123
1498874162,274.3,.1126
1498874462,272.89,.1122
1498874762,270.57,.1114
1498875062,270.43,.1114
1498875362,270.87,.1116
1498875662,270.56,.1113
1498875962,272.19,.1115
1498876262,271.99,.1116
1498876562,271.36,.1117
1498876862,272.16,.1118
1498877162,272.69,.1121
1498877462,272.99,.1121
1498877762,274.16,.1123
1498878062,275.34,.1129
