1498694462,316.23,.1239
1498694762,316.98,.1243
1498695062,314.34,.1232
1498695362,314.85,.1234
1498695662,316.17,.1239
1498695962,315.77,.1239
1498696262,316.05,.1239
1498696562,317.47,.1242
1498696862,317.72,.1243
1498697162,316.35,.124
1498697462,315.9,.1238
1498697762,314.92,.1237
1498698062,314.47,.1236
1498698362,315.3,.1234
1498698662,313.76,.123
1498698962,312.65,.1227
1498699262,311.84,.1229
1498699562,312.71,.123
1498699862,311.86,.1229
1498700162,311.46,.1223
1498700462,311.65,.1225
1498700762,314.79,.1232
1498701062,317.01,.124
1498701362,317.47,.1242
