1498953661,261.79,.1086
1498953962,261.64,.1085
1498954262,260.32,.1081
1498954562,257.88,.1077
1498954862,257.9,.1073
1498955162,258.22,.1076
1498955462,258.78,.1077
1498955762,258.92,.1077
1498956061,258.98,.1078
1498956362,258.98,.1078
1498956662,259.26,.1082
1498956962,259.31,.1083
1498957262,259.02,.1085
1498957562,258.19,.1083
1498957862,259.01,.1082
1498958162,259.47,.1083
1498958462,260.15,.1082
1498958762,260.17,.1084
1498959062,260.34,.1088
1498959362,261.01,.1087
1498959662,260.95,.1087
1498959962,261.42,.1088
1498960262,261.56,.1088
1498960562,261.54,.1089
1498960862,261.13,.1089
