1499487662,239.93,.09593
1499487962,240.93,.09606
1499488262,242.1,.09641
1499488562,242.98,.09663
1499488861,246.47,.09768
1499489161,246.82,.09806
1499489462,245.52,.0978
1499489762,244.82,.0974
1499490061,245.47,.0975
1499490362,245.54,.0976
1499490662,246.01,.09756
1499490962,245.78,.09766
1499491262,245.36,.09757
1499491562,243.24,.09727
1499491862,242.31,.09674
1499492162,240.83,.09647
1499492462,240.42,.09633
1499492762,241.76,.09656
1499493062,244.09,.09716
1499493362,242.54,.09691
1499493662,242.36,.09673
1499493962,241.41,.09652
1499494262,241.44,.09669
1499494562,241.39,.09675
1499494862,240.55,.09669
