1499385662,265.83,.1023
1499385962,265.75,.1023
1499386262,265.76,.1023
1499386562,265.63,.1023
1499386862,265.66,.1023
1499387162,265.51,.102
1499387462,265.33,.1021
1499387762,265.49,.1021
1499388062,265.47,.1021
1499388362,265.34,.1021
1499388662,265.37,.1021
1499388962,265.29,.1019
1499389262,265.33,.1019
1499389562,265.45,.1021
1499389861,265.67,.1023
1499390161,265.64,.1024
1499390462,265.02,.1025
1499390762,264.96,.1023
1499391062,265.22,.1022
1499391362,265.11,.1021
1499391662,265.13,.1022
1499391962,265.11,.1024
1499392262,265.41,.1024
1499392562,265.22,.1024
1499392862,265.28,.1023
