1499126462,276.42,.1086
1499126762,276.22,.1085
1499127062,276.04,.1084
1499127362,275.62,.1083
1499127662,276.89,.1084
1499127962,276.46,.1082
1499128262,276.58,.1083
1499128562,276.87,.1085
1499128862,276.82,.1084
1499129162,277.1,.1084
1499129462,277.57,.1084
1499129762,277.63,.1084
1499130063,277.68,.1084
1499130362,277.59,.1084
1499130662,277.36,.1084
1499130962,277.59,.1084
1499131262,277.46,.1083
1499131562,277.45,.1084
1499131862,277.77,.1083
1499132162,277.63,.1084
1499132462,277.96,.1086
1499132762,278.11,.1085
1499133062,279.11,.1087
1499133362,279.05,.1086
1499133662,279.02,.1085
