1499644862,238.13,.09511
1499645162,239.74,.09549
1499645462,237.86,.09514
1499645762,236.77,.09466
1499646062,236.97,.09468
1499646362,237.07,.09475
1499646662,237.12,.09484
1499646962,237.11,.09496
1499647262,237.08,.09475
1499647562,237.1,.09474
1499647862,236.8,.09489
1499648162,236.86,.09489
1499648462,236.69,.09489
1499648762,236.62,.09486
1499649062,237.59,.09499
1499649362,238.57,.0951
1499649662,238.41,.09512
1499649962,238.22,.09505
1499650262,237.38,.09497
1499650562,237.31,.0949
1499650862,236.73,.09483
1499651162,237,.0947
1499651462,237.08,.09464
1499651762,237.42,.09471
1499652062,237.99,.0949
1499652362,238.2,.0949
1499652662,238.27,.09486
1499652962,238.39,.0948
1499653262,238.98,.0949
