1499299262,266.05,.1018
1499299562,265.99,.102
1499299862,265.95,.1019
1499300162,265.91,.1017
1499300462,265.6,.1016
1499300762,265.13,.1016
1499301062,264.87,.1015
1499301362,264.69,.1016
1499301662,264.83,.1015
1499301962,264.3,.1015
1499302262,264.04,.1014
1499302562,264.04,.1013
1499302862,263.47,.1011
1499303162,262.62,.101
1499303462,262.37,.1007
1499303762,262.2,.1008
1499304062,261.85,.1008
1499304363,261.85,.1008
1499304663,262.24,.101
1499304962,262.13,.1011
1499305262,262.92,.101
1499305562,262.3,.1011
1499305862,262.44,.1011
1499306161,262.32,.1011
1499306462,262.16,.101
1499306762,262.84,.1011
1499307062,262.87,.1011
1499307362,262.14,.1011
1499307662,261.76,.101
1499307962,262.1,.101
1499308262,262.34,.1009
1499308562,262.38,.1008
1499308862,262.61,.101
1499309162,262.77,.1008
1499309462,262.84,.1008
1499309762,263.13,.101
1499310062,263.66,.1009
1499310362,263.74,.101
1499310662,263.75,.1011
1499310962,264.07,.1014
1499311262,264.73,.1015
1499311562,266,.1019
1499311862,266.35,.1019
1499312162,266.19,.1019
1499312462,266.35,.1022
1499312762,266.73,.1021
1499313062,266.76,.1021
1499313362,266.62,.102
1499313662,266.36,.1019
1499313962,266.22,.1019
1499314262,265.32,.1016
1499314562,265.62,.1018
1499314861,265.46,.1017
1499315162,265.31,.1017
1499315462,264.96,.1019
1499315762,264.38,.1019
1499316061,264.47,.1017
1499316361,264.43,.1018
1499316662,264.71,.102
1499316962,264.88,.1019
1499317262,264.85,.1019
