1499558462,245.54,.09629
1499558762,245.34,.09616
1499559062,244.66,.09582
1499559362,244.79,.09592
1499559662,245.25,.09605
1499559962,245.41,.09614
1499560262,244.9,.09621
1499560562,244.94,.09616
1499560862,244.61,.09594
1499561162,244.71,.09611
1499561462,244.57,.09595
1499561762,244.47,.09588
1499562062,244.22,.09584
1499562362,243.93,.09571
1499562662,244.08,.09571
1499562962,244.39,.09574
1499563262,244.65,.09595
1499563562,245.14,.09609
1499563862,245.22,.0962
1499564162,245.61,.09619
1499564462,245.72,.09635
1499564762,245.84,.09637
1499565062,245.86,.09641
1499565362,245.81,.09634
1499565662,245.55,.09645
1499565962,245.87,.09628
1499566262,245.76,.09649
1499566562,245.73,.09654
1499566862,245.57,.09653
1499567162,245.39,.09646
1499567462,245.5,.09642
1499567762,245.02,.09636
1499568062,245.63,.09641
1499568362,246.01,.09625
1499568662,245.82,.09637
1499568962,245.81,.09627
1499569262,245.94,.0963
1499569562,246.25,.09644
1499569862,246.94,.09666
1499570162,247.09,.09694
1499570462,247.83,.09718
1499570762,247.96,.09732
1499571062,248.58,.09727
1499571362,247.95,.09722
1499571662,247.66,.09699
1499571962,247.2,.09685
1499572262,247.41,.0967
1499572562,247.49,.09678
1499572862,247.64,.09689
1499573162,248.21,.09686
1499573462,248.4,.09694
1499573762,248.69,.09714
1499574062,249.58,.09745
1499574362,249.97,.0975
1499574662,251.73,.09757
1499574962,251,.09772
1499575262,249.09,.09726
1499575562,248.6,.09697
1499575864,249.69,.09737
1499576162,249.8,.09742
1499576462,248.69,.09734
1499576762,250.17,.0974
1499577062,250.35,.09752
1499577362,250.01,.09761
1499577662,249.6,.09771
1499577962,248.42,.09748
1499578262,248.45,.09738
1499578562,247.94,.09709
1499578862,247.73,.09715
1499579162,247.26,.09705
1499579462,247.15,.09701
1499579762,247.13,.09693
1499580062,246.99,.09683
1499580362,246.7,.09683
1499580662,246.2,.0969
1499580962,245.53,.0968
1499581262,245.25,.09676
1499581562,244.74,.09668
1499581862,245.77,.09694
1499582162,246.42,.09712
1499582462,246.56,.09706
1499582762,247.28,.09717
1499583062,247.91,.09731
1499583362,248.44,.09759
1499583662,248.84,.09762
1499583962,249.15,.09765
1499584262,248.33,.09763
1499584562,248.66,.09761
1499584862,249.03,.0976
1499585162,248.85,.09755
1499585462,249,.09755
1499585762,249.01,.09758
1499586061,248.91,.0976
1499586362,248.79,.09758
1499586662,248.59,.09747
1499586962,248.41,.09744
1499587261,246.87,.0969
1499587561,246.08,.09667
1499587862,246.22,.09681
1499588162,247.09,.09704
1499588462,245.93,.097
1499588762,246.17,.09692
1499589062,245.88,.09676
1499589362,245.81,.0968
1499589662,245.28,.09669
1499589962,244.91,.0964
1499590262,243.99,.09602
1499590562,243.76,.09609
1499590862,244.2,.09636
1499591162,244.51,.09633
1499591462,244.32,.09616
1499591761,244.47,.09587
1499592061,244.57,.09594
1499592362,244.73,.09601
1499592662,244.41,.096
1499592962,244.38,.09594
1499593262,243.83,.09592
1499593562,243.87,.09603
1499593861,244.04,.09599
1499594161,244.2,.09597
1499594462,244.31,.09583
1499594762,244.25,.09591
1499595062,244.09,.0958
1499595362,243.87,.09563
1499595662,244.09,.0957
1499595962,244.48,.0961
1499596262,245.73,.09627
1499596562,245.96,.09642
1499596861,246.5,.09657
1499597162,246.64,.09663
1499597462,246.32,.09645
1499597762,245.22,.09623
1499598062,245.09,.09618
1499598362,244.32,.09582
1499598662,244.37,.09583
1499598962,243.99,.0957
1499599262,243.71,.0954
1499599562,243.72,.09543
1499599862,243.74,.09557
1499600161,244.32,.09568
1499600462,245.17,.09609
1499600762,245.77,.0962
1499601062,245.72,.09618
1499601362,245.44,.09617
1499601662,245.16,.09628
1499601962,244.96,.09626
1499602262,244.71,.09607
1499602562,244.99,.09612
1499602862,244.73,.09588
1499603162,244.56,.0959
1499603462,244.56,.09596
1499603762,244.28,.09591
1499604062,244.06,.09587
1499604362,244.12,.0959
1499604662,244.16,.09592
1499604962,243.73,.09576
1499605261,243.08,.09553
1499605561,242.93,.09552
1499605862,243.03,.0956
1499606162,242.86,.09563
1499606462,242.48,.09531
1499606762,241.76,.0949
1499607062,241.57,.09511
1499607362,241.57,.09507
1499607662,241.13,.0946
1499607962,240.76,.09462
1499608262,241.33,.09496
1499608562,242.3,.09516
1499608862,242.65,.09521
1499609162,241.69,.09489
1499609462,241.05,.09473
1499609762,241.18,.09473
1499610062,240.88,.09466
1499610362,241.27,.09474
1499610662,241.7,.09488
1499610962,241.44,.0948
1499611262,241.87,.09492
1499611562,241.98,.09499
1499611862,241.81,.09488
1499612162,241.44,.09482
1499612462,241.09,.09463
1499612761,241.15,.09459
1499613061,241.25,.09459
1499613362,241.99,.09489
1499613662,243.3,.09516
1499613962,243.61,.09525
1499614262,243.73,.09537
1499614561,243.6,.0952
1499614862,243,.09515
1499615162,243.43,.09508
1499615462,243.29,.09509
1499615762,243.32,.09509
1499616061,243.13,.09501
1499616361,243.03,.09498
1499616662,242.32,.09488
1499616962,241.8,.09481
1499617262,241.3,.0946
1499617562,241.35,.09448
1499617862,241.73,.09467
1499618163,241.78,.0947
1499618462,241.57,.09465
1499618762,241.75,.09466
1499619062,241.96,.09477
1499619362,241.96,.09477
1499619662,241.83,.09475
1499619962,241.83,.09477
1499620262,241.73,.09464
1499620562,241.8,.0947
1499620862,241.61,.09482
1499621162,241.99,.09486
1499621462,241.91,.09484
1499621762,241.84,.09488
1499622062,241.9,.09487
1499622362,241.7,.09493
1499622662,241.92,.09494
1499622962,241.8,.09491
1499623262,241.62,.09487
1499623562,241.29,.09467
1499623862,241.13,.09458
1499624162,241.09,.09471
1499624462,241.22,.09477
1499624762,241.31,.09481
1499625062,241.26,.09487
1499625362,241.08,.09491
1499625662,241.36,.09494
1499625962,241.37,.09504
1499626262,241.52,.09513
1499626562,241.45,.09516
1499626862,241.57,.09517
1499627162,241.53,.09515
1499627462,241.52,.09526
1499627762,241.5,.09509
1499628062,241.45,.0952
1499628362,241.41,.09523
1499628662,241.24,.09522
1499628962,241.25,.09527
1499629262,241.51,.09525
1499629562,241.7,.09522
1499629862,241.52,.0952
1499630161,241.92,.09522
1499630462,242.05,.09527
1499630762,242.19,.09529
1499631062,242.05,.09532
1499631361,241.95,.09533
1499631661,241.89,.09533
1499631962,241.84,.09532
1499632262,241.99,.09535
1499633162,242.26,.09554
1499633462,241.97,.09542
1499633762,242.23,.09554
1499634062,242.3,.09556
1499634362,242.26,.09557
1499634662,242.01,.09575
1499634962,241.92,.09577
1499635262,241.85,.09579
1499635562,241.94,.09582
1499635862,241.84,.09584
1499636162,242.35,.09582
1499636462,242.29,.09576
1499636761,242.39,.09576
1499637062,242.4,.09575
1499637362,242.22,.09561
1499637661,242.24,.09564
1499637961,241.86,.09562
1499638262,241.58,.09566
1499638562,241.53,.09564
1499638862,242.01,.09581
