1499212862,268.91,.1033
1499213162,268.5,.1032
1499213462,268.14,.1032
1499213762,267.99,.1033
1499214062,266.6,.103
1499214361,265.61,.1024
1499214662,264.78,.1022
1499214962,264.72,.1022
1499215262,265.19,.1026
1499215562,266.5,.1032
1499215862,266.06,.1031
1499216162,266.37,.1036
1499216462,266.25,.1034
1499216762,265.92,.1034
1499217062,266.23,.1034
1499217362,266.12,.1034
1499217662,266.73,.1033
1499217962,266.69,.1032
1499218263,266.74,.1032
1499218562,266.97,.1033
1499218862,266.67,.1034
1499219162,266.92,.1035
1499219462,266.83,.1037
1499219762,267.68,.1039
1499220062,267.97,.1042
1499220362,268.11,.1044
1499220662,268.47,.1045
1499220962,268.78,.1045
1499221262,268.91,.1047
1499221562,269.48,.1048
1499221862,269.29,.1046
1499222162,269.23,.1046
1499222462,268.42,.1046
1499222762,268.74,.1048
1499223062,268.66,.1045
1499223362,268.6,.1046
1499223662,268.47,.1043
1499223962,268.65,.1044
1499224262,268.5,.1044
1499224562,268.58,.1046
1499224862,268.89,.1046
1499225162,268.51,.1046
1499225462,269.33,.1046
1499225762,269.48,.1046
1499226062,269.22,.1047
1499226362,269.24,.1047
1499226662,269.59,.1048
1499226962,270.01,.105
1499227262,270.36,.1051
1499227562,270.71,.105
1499227862,270.81,.1053
1499228162,270.73,.1053
1499228462,269.63,.1048
1499228762,268.99,.1049
1499229062,269.06,.105
1499229362,269.11,.105
1499229662,269.27,.105
1499229962,268.71,.1051
1499230262,268.82,.1051
1499230562,268.99,.1053
1499230862,269.22,.105
1499231162,268.41,.1049
1499231462,268.1,.1047
1499231762,268.37,.1049
1499232062,268.51,.1048
1499232361,269.42,.105
1499232662,268.7,.1049
1499232962,268.28,.1046
1499233262,268.71,.105
1499233562,268.46,.1047
1499233862,268.98,.1048
1499234162,268.75,.1048
1499234462,269.12,.1047
