1499040061,283.91,.1133
1499040362,282.73,.1132
1499040662,281.14,.1123
1499040962,281.4,.1124
1499041262,280.15,.1121
1499041562,280.22,.1124
1499041862,279.87,.112
1499042162,279.2,.1121
1499042462,279.15,.1121
1499042761,279.25,.1121
1499043061,280.08,.1122
1499043362,282.47,.113
1499043662,281.2,.1129
1499043962,280.54,.1125
1499044262,279.76,.1123
1499044561,277.93,.1118
1499044862,276.62,.1109
1499045162,277.37,.111
1499045462,276.12,.1107
1499045762,275.77,.111
1499046062,276.91,.1111
1499046362,278.66,.1115
1499046662,277.4,.1113
1499046962,278.15,.1113
1499047262,277.66,.111
