1497830462,3.52,.001384
1497830762,3.48,.00137
1497831062,3.5,.001376
1497831362,3.49,.001371
1497831662,3.49,.001366
1497831962,3.49,.001363
1497832262,3.49,.001363
1497832562,3.49,.001364
1497832862,3.48,.001364
1497833162,3.46,.001361
1497833462,3.45,.001361
1497833761,3.5,.001374
1497834062,3.53,.001383
1497834362,3.54,.001383
1497834662,3.53,.001383
1497834962,3.5,.001375
1497835262,3.57,.0014
1497835562,3.55,.001391
1497835862,3.54,.001391
1497836162,3.55,.001391
1497836461,3.6,.001411
1497836762,3.56,.001396
1497837062,3.57,.00141
1497837362,3.53,.001395
1497837662,3.57,.001407
1497837962,3.57,.001407
1497838262,3.58,.00141
1497838562,3.59,.00141
1497838862,3.57,.0014
1497839162,3.57,.001403
1497839463,3.59,.00141
1497839762,3.61,.001413
1497840062,3.63,.001415
1497840362,3.62,.001407
1497840662,3.61,.001404
1497840962,3.58,.001393
1497841262,3.6,.001397
1497841562,3.6,.001394
1497841862,3.6,.001394
1497842162,3.61,.001394
1497842462,3.6,.001394
1497842762,3.61,.001397
1497843062,3.61,.001397
1497843362,3.61,.001397
1497843662,3.63,.001403
1497843962,3.63,.001406
1497844262,3.64,.00141
1497844562,3.6,.001393
1497844862,3.63,.001405
1497845162,3.61,.001399
1497845462,3.61,.001399
1497845761,3.6,.001396
1497846062,3.63,.001407
1497846362,3.64,.001408
1497846662,3.61,.001398
1497846962,3.64,.001411
1497847262,3.64,.001411
1497847562,3.64,.001411
1497847862,3.63,.001408
1497848162,3.66,.001415
1497848462,3.66,.001415
1497848762,3.63,.001406
1497849062,3.64,.001409
1497849362,3.66,.001414
1497849662,3.67,.001418
1497849962,3.67,.001418
1497850262,3.67,.001418
1497850561,3.74,.001446
1497850862,3.69,.001428
1497851162,3.7,.001431
1497851462,3.67,.001421
1497851762,3.68,.001421
1497852062,3.69,.001422
1497852362,3.68,.001419
1497852662,3.71,.001431
1497852962,3.71,.001431
1497853262,3.74,.001441
1497853562,3.74,.001442
1497853862,3.77,.001455
1497854163,3.76,.001452
1497854462,3.76,.001452
1497854762,3.77,.001453
1497855062,3.78,.001457
1497855363,3.78,.001453
1497855662,3.73,.001437
1497855962,3.71,.001425
1497856262,3.69,.00142
1497856562,3.68,.001416
1497856862,3.68,.001416
1497857162,3.68,.001416
1497857462,3.67,.001416
1497857762,3.67,.001416
1497858062,3.66,.001416
1497858362,3.68,.001422
1497858662,3.68,.001421
1497858962,3.65,.00141
1497859262,3.63,.001403
1497859562,3.64,.001403
1497859862,3.63,.001401
1497860162,3.63,.001401
1497860462,3.62,.001401
1497860762,3.64,.001407
1497861062,3.64,.001406
1497861362,3.64,.001406
1497861662,3.62,.001399
1497861962,3.62,.0014
1497862262,3.63,.0014
1497862562,3.62,.001398
1497862862,3.62,.001398
1497863162,3.61,.001394
1497863462,3.59,.001391
1497863762,3.58,.001391
1497864062,3.56,.001389
1497864362,3.57,.001394
1497864662,3.56,.001399
1497864962,3.57,.001398
1497865262,3.55,.001398
1497865562,3.52,.001387
1497865862,3.56,.0014
1497866162,3.55,.001395
1497866462,3.56,.001395
1497866762,3.56,.001394
1497867062,3.56,.001393
1497867362,3.57,.001393
1497867662,3.57,.001393
1497867962,3.57,.001398
1497868262,3.57,.001398
1497868562,3.59,.001403
1497868862,3.61,.001408
1497869162,3.61,.001407
1497869462,3.61,.001407
1497869762,3.59,.001401
1497870062,3.59,.00141
1497870362,3.58,.001404
1497870662,3.56,.001404
1497870962,3.55,.001403
1497871262,3.54,.001404
1497871562,3.54,.001401
1497871862,3.54,.001397
1497872162,3.53,.001397
1497872462,3.54,.001401
1497872762,3.64,.001437
1497873062,3.56,.0014
1497873362,3.57,.0014
1497873662,3.58,.001401
1497873962,3.59,.001409
1497874262,3.57,.001401
1497874562,3.6,.00141
1497874862,3.59,.001405
1497875162,3.6,.001405
1497875462,3.69,.00143
1497875762,3.69,.00143
1497876062,3.69,.001433
1497876362,3.67,.001427
1497876662,3.65,.001419
1497876962,3.66,.001426
1497877262,3.63,.001416
1497877562,3.66,.001425
1497877862,3.7,.001438
1497878162,3.68,.001433
1497878462,3.71,.001441
1497878761,3.72,.001443
1497879062,3.72,.001444
1497879362,3.72,.001442
1497879662,3.71,.001435
1497879962,3.75,.001446
1497880261,3.77,.001455
1497880561,3.73,.001441
1497880862,3.74,.001444
1497881162,3.75,.001443
1497881462,3.75,.001444
1497881762,3.74,.001442
1497882062,3.73,.00144
1497882362,3.71,.001429
1497882662,3.65,.001405
1497882962,3.66,.001411
1497883261,3.67,.001414
1497883562,3.71,.001429
1497883862,3.72,.001438
1497884162,3.76,.001456
1497884462,3.75,.00145
1497884762,3.76,.001451
1497885062,3.76,.001454
1497885362,3.76,.001455
1497885662,3.77,.001457
1497885962,3.73,.001444
1497886262,3.7,.001435
1497886562,3.75,.001453
1497886862,3.75,.001457
1497887162,3.76,.00146
1497887462,3.71,.001444
1497887762,3.68,.001432
1497888062,3.68,.001432
1497888362,3.7,.001438
1497888662,3.69,.001432
1497888962,3.72,.00144
1497889262,3.7,.001432
1497889562,3.7,.001432
1497889862,3.7,.001432
1497890162,3.72,.001436
1497890462,3.67,.001418
1497890761,3.66,.001414
1497891062,3.66,.001416
1497891362,3.68,.001421
