1497679535,3.53,.001405
1497679552,3.53,.001405
1497679595,3.55,.001407
1497681152,3.6,.001416
1497681218,3.58,.001409
1497681246,3.58,.001409
1497681324,3.58,.001409
1497681344,3.58,.001409
1497681386,3.58,.001409
1497681406,3.56,.001403
1497681591,3.57,.001407
1497681662,3.57,.001407
1497681962,3.57,.001405
1497682262,3.59,.001409
1497682562,3.57,.001406
1497682862,3.57,.001406
1497683162,3.56,.001406
1497683462,3.57,.001407
1497683762,3.56,.001405
1497684062,3.55,.0014
1497684362,3.54,.001398
1497684662,3.59,.001421
1497684962,3.58,.001412
1497685262,3.57,.001413
1497685562,3.58,.001416
1497685862,3.58,.001415
1497686162,3.58,.001415
1497686462,3.61,.001425
1497686762,3.6,.001424
1497687062,3.6,.001422
1497687362,3.61,.001422
1497687662,3.6,.001417
1497687962,3.61,.00142
1497688262,3.62,.001423
1497688562,3.63,.001427
1497688862,3.63,.001425
1497689162,3.62,.001423
1497689462,3.62,.001423
1497689762,3.61,.00142
