1497744063,3.95,.001487
1497744366,3.93,.001475
1497744662,3.97,.001492
1497744962,3.95,.001492
1497745262,3.94,.001492
1497745562,3.91,.001479
1497745861,3.88,.001467
1497746161,3.82,.001443
1497746462,3.83,.001454
1497746762,3.82,.001456
1497747062,3.83,.001454
1497747362,3.83,.001454
1497747661,3.83,.001455
1497747962,3.81,.001444
1497748262,3.82,.001445
1497748562,3.86,.001455
1497748861,3.85,.00145
1497749162,3.86,.001455
1497749462,3.87,.001454
1497749762,3.86,.00145
1497750062,3.87,.001457
1497750362,3.85,.00145
1497750662,3.84,.001446
1497750962,3.84,.001446
1497751262,3.88,.001459
1497751562,3.85,.001447
1497751862,3.84,.001444
1497752162,3.84,.001443
1497752462,3.88,.001454
1497752762,3.89,.001458
1497753062,3.85,.001446
1497753362,3.85,.001443
1497753662,3.86,.001447
1497753962,3.85,.001443
1497754262,3.88,.001452
1497754562,3.89,.001457
1497754862,3.86,.001449
1497755162,3.84,.001441
1497755462,3.85,.001441
1497755762,3.85,.001441
1497756062,3.86,.001448
1497756362,3.86,.001449
1497756662,3.91,.001465
1497756962,3.91,.001465
1497757262,3.9,.001465
1497757562,3.91,.001468
1497757862,3.9,.001466
1497758162,3.84,.001441
1497758462,3.84,.001441
1497758762,3.85,.001447
1497759062,3.84,.001441
1497759362,3.84,.00144
1497759662,3.82,.001436
1497759962,3.83,.001437
1497760262,3.82,.001435
1497760562,3.82,.001436
1497760862,3.83,.001439
1497761162,3.82,.001439
1497761462,3.8,.001435
1497761762,3.81,.001439
1497762062,3.83,.001444
1497762362,3.82,.001445
1497762662,3.87,.001458
1497762962,3.86,.001453
1497763262,3.86,.001453
1497763562,3.85,.001447
1497763862,3.85,.001447
1497764162,3.86,.00145
1497764462,3.86,.00145
1497764762,3.86,.00145
1497765062,3.84,.001446
1497765362,3.83,.00145
1497765662,3.82,.001442
1497765962,3.81,.001438
1497766262,3.81,.001437
1497766562,3.81,.001437
1497766862,3.82,.001444
1497767162,3.82,.001444
1497767462,3.82,.001445
1497767762,3.82,.001446
1497768062,3.82,.001446
1497768362,3.8,.001451
1497768662,3.82,.001454
1497768962,3.82,.001455
1497769262,3.84,.001463
1497769562,3.77,.00144
1497769862,3.76,.001439
1497770162,3.78,.001448
1497770462,3.75,.001445
1497770762,3.73,.001438
1497771062,3.72,.001439
1497771362,3.74,.001453
1497771662,3.77,.001458
1497771962,3.71,.001431
1497772262,3.68,.00143
1497772562,3.65,.001427
1497772862,3.61,.001427
1497773162,3.6,.001425
1497773462,3.59,.001425
1497773762,3.62,.001427
1497774062,3.65,.001429
1497774362,3.6,.001421
1497774662,3.63,.00143
1497774962,3.63,.001417
1497775261,3.64,.001426
1497775562,3.62,.001418
1497775862,3.64,.001419
1497776162,3.64,.001415
1497776462,3.65,.001411
1497776762,3.63,.001403
1497777062,3.61,.001399
1497777362,3.61,.001399
1497777662,3.61,.001402
1497777962,3.57,.001389
1497778262,3.61,.001398
1497778562,3.6,.001396
1497778862,3.6,.001396
1497779162,3.61,.001396
1497779462,3.6,.001396
1497779762,3.6,.001396
