1497916862,3.72,.001419
1497917162,3.75,.001429
1497917462,3.72,.001419
1497917763,3.73,.001418
1497918062,3.74,.00142
1497918362,3.76,.001424
1497918662,3.77,.001422
1497918962,3.75,.001416
1497919263,3.71,.001399
1497919562,3.7,.001395
1497919862,3.7,.001395
1497920162,3.7,.001397
1497920462,3.71,.001401
1497920762,3.69,.001396
1497921062,3.71,.001404
1497921362,3.71,.001405
1497921662,3.71,.001406
1497921962,3.74,.001412
1497922261,3.69,.001395
1497922562,3.71,.001401
1497922862,3.71,.001399
1497923162,3.71,.001399
1497923462,3.7,.001394
1497923762,3.77,.001418
