1498003262,3.78,.001371
1498003562,3.7,.001351
1498003862,3.7,.001352
1498004162,3.7,.001351
1498004461,3.72,.001359
1498004762,3.73,.001361
1498005062,3.75,.001366
1498005362,3.77,.001368
1498005662,3.77,.001368
1498005962,3.77,.001368
1498006262,3.78,.001372
1498006562,3.78,.001374
1498006862,3.77,.001373
1498007162,3.74,.001368
1498007462,3.78,.00138
1498007762,3.78,.001382
1498008061,3.8,.001387
1498008362,3.79,.001382
1498008662,3.8,.001382
1498008962,3.8,.001384
1498009262,3.78,.001379
1498009562,3.8,.001381
1498009862,3.75,.001365
1498010162,3.75,.001365
1498010462,3.75,.001364
1498010762,3.74,.001363
1498011062,3.74,.001363
1498011362,3.8,.001384
1498011662,3.78,.001376
1498011962,3.78,.001371
1498012262,3.81,.001381
1498012562,3.85,.001394
1498012862,3.85,.001399
1498013162,3.88,.001408
1498013462,3.87,.001408
1498013762,3.88,.001409
