1498089662,3.52,.001315
1498089962,3.53,.001317
1498090262,3.56,.001325
1498090562,3.55,.001318
1498090862,3.55,.001319
1498091162,3.54,.001314
1498091462,3.54,.001314
1498091762,3.56,.00132
1498092062,3.57,.001326
1498092362,3.56,.001325
1498092662,3.56,.001328
1498092962,3.57,.001328
1498093262,3.6,.00134
1498093562,3.59,.001341
1498093862,3.57,.001336
1498094162,3.56,.001336
1498094462,3.57,.001338
1498094762,3.56,.001339
1498095062,3.55,.001339
1498095362,3.57,.001339
1498095662,3.56,.001337
1498095962,3.57,.001338
1498096261,3.57,.001338
1498096562,3.58,.001341
