1498435262,3.3,.001299
1498435562,3.26,.001288
1498435862,3.36,.001328
1498436162,3.28,.0013
1498436462,3.36,.001327
1498436762,3.38,.001335
1498437062,3.37,.00133
1498437362,3.35,.001322
1498437662,3.37,.001328
1498437962,3.41,.001341
1498438262,3.41,.001339
1498438562,3.4,.001336
1498438862,3.4,.001335
1498439162,3.38,.001333
1498439462,3.38,.001332
1498439762,3.42,.001342
1498440062,3.41,.001341
1498440362,3.43,.001346
1498440662,3.46,.001354
1498440961,3.47,.001356
1498441262,3.5,.001365
1498441562,3.49,.00136
1498441862,3.46,.001344
1498442162,3.49,.001356
