1498694462,3.35,.001302
1498694762,3.35,.0013
1498695062,3.35,.0013
1498695362,3.35,.0013
1498695662,3.35,.001301
1498695962,3.33,.001295
1498696262,3.34,.001298
1498696562,3.33,.001289
1498696862,3.32,.001287
1498697162,3.32,.001286
1498697462,3.33,.00129
1498697762,3.31,.001287
1498698062,3.31,.001288
1498698362,3.33,.001295
1498698662,3.34,.001298
1498698962,3.33,.001297
1498699262,3.31,.001289
1498699562,3.32,.001295
1498699862,3.31,.001293
1498700162,3.33,.001298
1498700462,3.32,.00129
1498700762,3.3,.001278
1498701062,3.33,.001289
1498701362,3.29,.001273
