1498521662,2.9,.001185
1498521962,2.92,.001193
1498522262,2.97,.001213
1498522562,2.96,.001209
1498522862,2.9,.001192
1498523162,2.95,.001219
1498523462,2.97,.001218
1498523762,2.99,.001218
1498524062,2.99,.001218
1498524362,3,.001222
1498524662,3.02,.001238
1498524962,3.02,.001239
1498525262,3.03,.001239
1498525562,3.03,.001239
1498525862,3.04,.001239
1498526162,3.03,.001239
1498526462,3.02,.001239
1498526762,3.03,.001238
1498527062,3.03,.001234
1498527362,3.07,.001243
1498527662,3.05,.001233
1498527962,3.02,.001225
1498528262,3.02,.001225
1498528562,3.05,.001233
1498528862,3.05,.001233
1498529162,3.07,.001241
1498529462,3.03,.001223
1498529762,3.08,.001239
1498530062,3.06,.001232
1498530362,3.04,.001225
1498530662,3.03,.001225
1498530962,3.04,.001225
1498531262,3.05,.001225
1498531562,3.05,.001229
1498531861,3.05,.001229
1498532162,3.07,.001229
1498532462,3.05,.001223
1498532762,3.06,.00123
1498533062,3.06,.001233
1498533362,3.05,.001231
1498533662,3.07,.001236
1498533962,3.05,.001227
1498534262,3.08,.001238
1498534562,3.08,.001238
1498534862,3.08,.001238
1498535162,3.08,.001238
1498535462,3.08,.001238
1498535762,3.08,.00124
1498536062,3.03,.001222
1498536362,3.07,.001239
1498536662,3.05,.001234
1498536962,3.03,.001227
1498537262,2.98,.001207
1498537562,2.96,.0012
1498537862,2.99,.001215
1498538162,2.97,.001215
1498538462,2.98,.001218
1498538762,2.99,.001219
1498539062,2.96,.001206
1498539362,2.99,.001218
1498539662,2.98,.00121
1498539962,2.99,.00121
1498540262,2.96,.001203
1498540562,2.97,.001204
1498540862,2.95,.001198
1498541162,2.94,.001198
1498541462,2.92,.001195
1498541762,2.96,.001196
1498542062,2.96,.001196
1498542362,2.96,.001196
1498542662,2.97,.001196
1498542962,3,.001208
