1498608062,3.18,.001231
1498608362,3.13,.001218
1498608662,3.16,.00123
1498608962,3.15,.001229
1498609262,3.12,.001216
1498609562,3.12,.001218
1498609862,3.14,.00123
1498610162,3.1,.001213
1498610462,3.1,.001215
1498610762,3.09,.001216
1498611062,3.1,.001222
1498611362,3.11,.001228
1498611662,3.08,.001217
1498611962,3.09,.001225
1498612262,3.06,.001209
1498612562,3.07,.001209
1498612862,3.08,.001209
1498613162,3.06,.001208
1498613462,3.05,.001208
1498613762,3.04,.001208
1498614062,3.06,.001216
1498614362,3.06,.001217
1498614662,3.06,.001221
1498614962,3.02,.001211
