1498348862,3.6,.001389
1498349162,3.61,.001394
1498349462,3.58,.001388
1498349762,3.59,.001387
1498350062,3.59,.001387
1498350361,3.6,.001394
1498350662,3.58,.001388
1498350962,3.59,.001394
1498351262,3.57,.001391
1498351562,3.57,.001393
1498351862,3.56,.001386
1498352162,3.59,.001397
1498352462,3.56,.001382
1498352762,3.54,.001375
1498353062,3.58,.0014
1498353362,3.57,.001396
1498353662,3.58,.001398
1498353962,3.57,.001398
1498354262,3.52,.001388
1498354562,3.5,.001371
1498354862,3.48,.001366
1498355162,3.5,.001371
1498355462,3.48,.001361
1498355762,3.49,.001361
1498356062,3.49,.001361
1498356362,3.49,.001361
1498356662,3.47,.001361
1498356962,3.48,.001361
1498357262,3.48,.001356
1498357562,3.46,.001349
1498357862,3.46,.00135
1498358162,3.49,.00136
1498358462,3.49,.001359
1498358762,3.48,.001355
1498359063,3.49,.001357
1498359362,3.49,.001357
1498359662,3.51,.00136
1498359962,3.51,.001362
1498360262,3.5,.001361
1498360562,3.5,.00136
1498360862,3.51,.001362
1498361162,3.48,.001354
1498361462,3.46,.001354
1498361762,3.43,.001343
1498362062,3.43,.001343
1498362362,3.44,.001341
1498362662,3.44,.001341
1498362962,3.45,.001341
1498363262,3.46,.001346
1498363562,3.46,.001343
1498363862,3.47,.001348
1498364162,3.45,.00134
1498364461,3.45,.001339
1498364762,3.46,.001339
1498365062,3.47,.001343
1498365362,3.47,.001343
1498365662,3.49,.001348
1498365962,3.5,.00135
1498366262,3.49,.001346
1498366562,3.52,.001355
1498366862,3.5,.001345
1498367162,3.5,.001347
1498367462,3.46,.001327
1498367762,3.48,.001336
1498368062,3.48,.001335
1498368362,3.45,.001327
1498368662,3.48,.001335
1498368962,3.46,.001327
1498369262,3.48,.001336
1498369562,3.51,.001346
1498369862,3.51,.001346
1498370162,3.51,.001348
