1498176062,3.68,.001352
1498176362,3.72,.001365
1498176662,3.73,.001369
1498176962,3.77,.001382
1498177262,3.83,.001407
1498177562,3.8,.001394
1498177862,3.74,.001375
1498178161,3.73,.001367
1498178462,3.75,.001375
1498178762,3.66,.00134
1498179062,3.67,.001341
1498179362,3.67,.001339
1498179662,3.65,.001335
1498179962,3.69,.001348
1498180262,3.68,.001348
1498180562,3.68,.001346
1498180862,3.68,.001346
1498181162,3.78,.001378
1498181462,3.75,.001369
1498181762,3.75,.001368
1498182062,3.74,.001361
1498182362,3.68,.001341
1498182662,3.7,.001344
1498182962,3.68,.001339
