1498953661,2.52,.00104
1498953962,2.52,.00104
1498954262,2.52,.001042
1498954562,2.52,.001046
1498954862,2.51,.00104
1498955162,2.53,.001047
1498955462,2.5,.001039
1498955762,2.51,.00104
1498956061,2.51,.00104
1498956362,2.52,.001049
1498956662,2.51,.001047
1498956962,2.5,.001047
1498957262,2.49,.001043
1498957562,2.47,.001033
1498957862,2.51,.001046
1498958162,2.52,.001047
1498958462,2.51,.001039
1498958762,2.5,.001039
1498959062,2.5,.001039
1498959362,2.5,.001037
1498959662,2.5,.001033
1498959962,2.49,.001033
1498960262,2.49,.001033
1498960562,2.48,.001031
1498960862,2.48,.001031
1498961162,2.48,.001033
1498961462,2.46,.001028
1498961762,2.46,.001031
1498962062,2.45,.001022
1498962362,2.46,.001029
1498962662,2.46,.00103
1498962962,2.45,.001021
1498963262,2.45,.001023
1498963562,2.44,.001015
1498963862,2.47,.001027
1498964162,2.43,.00101
1498964462,2.43,.00101
1498964762,2.43,.00101
1498965062,2.46,.001022
1498965362,2.42,.00101
1498965661,2.43,.001011
1498965962,2.43,.00101
1498966262,2.43,.00101
1498966562,2.43,.001011
1498966862,2.43,.001011
1498967162,2.44,.001011
1498967462,2.43,.00101
1498967762,2.44,.001014
1498968062,2.44,.001015
