1498867262,2.89,.001164
1498867562,2.91,.001168
1498867862,2.91,.001169
1498868162,2.92,.001171
1498868462,2.92,.00117
1498868762,2.9,.001166
1498869062,2.88,.001158
1498869362,2.91,.00117
1498869662,2.91,.001167
1498869962,2.89,.00116
1498870262,2.89,.001161
1498870562,2.91,.001172
1498870862,2.93,.001176
1498871162,2.93,.001176
1498871462,2.9,.00117
1498871762,2.88,.001163
1498872061,2.87,.001163
1498872362,2.87,.001163
1498872662,2.87,.001165
1498872962,2.86,.001166
1498873262,2.83,.001157
1498873562,2.82,.001155
1498873862,2.86,.001171
1498874162,2.82,.001155
1498874462,2.84,.001162
1498874762,2.81,.001158
1498875062,2.85,.001158
1498875362,2.84,.001158
1498875662,2.84,.001158
1498875962,2.85,.001154
1498876262,2.85,.001159
1498876562,2.82,.001151
1498876862,2.85,.001159
1498877162,2.83,.00115
1498877462,2.83,.00115
1498877762,2.85,.001162
1498878062,2.82,.001149
