1498262462,3.79,.001399
1498262762,3.79,.001399
1498263062,3.81,.001403
1498263362,3.82,.001407
1498263662,3.82,.001403
1498263962,3.87,.001422
1498264262,3.89,.001432
1498264562,3.91,.001436
1498264862,3.95,.00145
1498265162,3.96,.001456
1498265462,3.95,.001451
1498265762,3.97,.001457
1498266062,3.95,.00145
1498266362,3.95,.001451
1498266662,3.98,.001462
1498266962,3.96,.001451
1498267262,3.95,.001448
1498267562,3.96,.001451
1498267862,3.98,.001461
1498268162,3.99,.001464
1498268462,3.99,.001464
1498268762,4,.001468
1498269062,4,.00147
1498269362,3.98,.001463
1498269662,4.01,.001471
1498269962,4.01,.001473
1498270263,4.02,.001477
1498270562,4.03,.001479
1498270862,4.03,.001478
1498271162,4.04,.001483
1498271462,4.04,.001483
1498271762,4.04,.001483
1498272062,4.04,.001481
1498272362,4.04,.001481
1498272662,4.05,.001486
1498272963,4.06,.001486
