1498780862,3.11,.001213
1498781162,3.1,.00121
1498781462,3.09,.001207
1498781762,3.1,.001213
1498782062,3.09,.001207
1498782362,3.1,.001207
1498782662,3.1,.001207
1498782962,3.09,.001204
1498783262,3.09,.001205
1498783562,3.09,.001205
1498783862,3.09,.001205
1498784162,3.08,.001203
1498784462,3.09,.001202
1498784762,3.08,.001203
1498785062,3.08,.001203
1498785362,3.08,.001203
1498785662,3.08,.0012
1498785962,3.08,.0012
1498786262,3.04,.001184
1498786562,3.03,.001183
1498786862,2.98,.001162
1498787162,2.97,.001159
1498787462,2.96,.001155
1498787762,2.98,.001162
