1499299262,2.57,.0009774
1499299562,2.56,.0009746
1499299862,2.56,.0009744
1499300162,2.57,.0009792
1499300462,2.6,.000987
1499300762,2.59,.0009864
1499301062,2.58,.000981
1499301362,2.56,.0009754
1499301662,2.57,.0009754
1499301962,2.57,.0009755
1499302262,2.57,.0009753
1499302562,2.58,.0009809
1499302862,2.59,.0009847
1499303162,2.58,.0009841
1499303462,2.57,.0009793
1499303762,2.57,.0009795
1499304062,2.56,.0009793
1499304363,2.56,.0009803
1499304663,2.54,.0009712
1499304962,2.57,.0009838
1499305262,2.57,.0009834
1499305562,2.55,.0009765
1499305862,2.55,.0009772
1499306161,2.57,.0009832
1499306462,2.58,.0009894
