1499040061,2.68,.001058
1499040362,2.67,.001055
1499040662,2.75,.001082
1499040962,2.76,.001088
1499041262,2.77,.001091
1499041562,2.76,.001091
1499041862,2.76,.001091
1499042162,2.76,.001092
1499042462,2.71,.001072
1499042761,2.69,.001069
1499043061,2.73,.001082
1499043362,2.73,.001083
1499043662,2.74,.001086
1499043962,2.73,.001083
1499044262,2.76,.001097
1499044561,2.73,.001083
1499044862,2.73,.001083
1499045162,2.74,.001083
1499045462,2.77,.001098
1499045762,2.73,.001084
1499046062,2.75,.001092
1499046362,2.71,.001076
1499046662,2.72,.001076
1499046962,2.72,.001076
1499047262,2.74,.001083
1499047562,2.74,.001083
1499047862,2.73,.001082
1499048162,2.72,.001076
1499048462,2.71,.001071
1499048762,2.71,.001074
1499049062,2.71,.001074
1499049362,2.7,.001071
1499049662,2.7,.001071
1499049962,2.71,.001077
1499050262,2.72,.001078
1499050562,2.71,.001076
1499050862,2.71,.001076
