1499558462,2.24,.0008755
1499558762,2.25,.0008777
1499559062,2.25,.0008775
1499559362,2.26,.0008777
1499559662,2.26,.0008775
1499559962,2.26,.0008787
1499560262,2.25,.0008793
1499560562,2.26,.0008807
1499560862,2.26,.000879
1499561162,2.25,.000879
1499561462,2.25,.000879
1499561762,2.25,.0008767
1499562062,2.25,.0008766
1499562362,2.26,.0008791
1499562662,2.26,.0008791
1499562962,2.26,.0008805
1499563262,2.26,.0008806
1499563562,2.26,.000882
1499563862,2.25,.0008791
1499564162,2.26,.0008806
1499564462,2.26,.0008807
1499564762,2.26,.0008807
1499565062,2.26,.0008807
1499565362,2.21,.00086
1499565662,2.27,.0008855
1499565962,2.27,.000883
1499566262,2.25,.0008773
1499566562,2.26,.000882
1499566862,2.25,.0008781
1499567162,2.25,.0008785
1499567462,2.25,.0008765
1499567762,2.25,.0008786
1499568062,2.25,.0008788
1499568362,2.26,.0008791
1499568662,2.24,.0008735
1499568962,2.25,.000878
1499569262,2.24,.0008741
1499569562,2.24,.0008739
1499569862,2.25,.0008738
1499570162,2.26,.0008787
1499570462,2.26,.0008787
1499570762,2.26,.0008787
1499571062,2.26,.0008787
1499571362,2.26,.0008787
1499571662,2.26,.0008787
1499571962,2.26,.0008794
1499572262,2.26,.0008789
1499572562,2.26,.0008782
1499572862,2.26,.000878
1499573162,2.26,.000879
1499573462,2.26,.0008784
1499573762,2.25,.0008753
1499574062,2.26,.0008803
1499574362,2.25,.000876
1499574662,2.26,.0008782
1499574962,2.27,.0008823
1499575262,2.25,.0008756
1499575562,2.25,.0008756
1499575864,2.25,.0008762
1499576162,2.26,.0008781
1499576462,2.25,.0008766
1499576762,2.25,.0008764
1499577062,2.25,.000876
1499577362,2.27,.0008834
1499577662,2.21,.0008634
1499577962,2.24,.000876
1499578262,2.26,.0008825
1499578562,2.26,.0008825
1499578862,2.26,.0008823
1499579162,2.19,.0008547
1499579462,2.19,.0008553
1499579762,2.2,.0008596
1499580062,2.22,.0008675
1499580362,2.22,.0008675
1499580662,2.22,.0008703
1499580962,2.18,.0008548
1499581262,2.18,.0008574
1499581562,2.17,.000853
1499581862,2.18,.0008537
1499582162,2.18,.000854
1499582462,2.18,.000854
1499582762,2.18,.000853
1499583062,2.17,.0008502
1499583362,2.17,.0008494
1499583662,2.18,.0008542
1499583962,2.17,.0008497
1499584262,2.18,.0008545
1499584562,2.18,.0008546
1499584862,2.18,.0008519
1499585162,2.18,.0008517
1499585462,2.17,.0008498
1499585762,2.19,.000856
1499586061,2.17,.0008497
1499586362,2.17,.0008499
1499586662,2.17,.0008498
1499586962,2.17,.0008498
1499587261,2.17,.0008494
1499587561,2.17,.0008495
1499587862,2.16,.0008496
1499588162,2.16,.0008494
1499588462,2.16,.0008495
1499588762,2.19,.0008585
1499589062,2.17,.0008538
1499589362,2.17,.0008516
1499589662,2.17,.0008516
1499589962,2.15,.0008457
1499590262,2.14,.0008427
1499590562,2.14,.0008427
1499590862,2.14,.0008427
1499591162,2.14,.0008427
1499591462,2.14,.0008427
1499591761,2.15,.0008412
1499592061,2.14,.0008412
1499592362,2.14,.0008412
1499592662,2.16,.0008483
1499592962,2.16,.0008463
1499593262,2.15,.0008428
1499593562,2.14,.000841
1499593861,2.13,.0008353
1499594161,2.13,.0008354
1499594462,2.13,.000836
1499594762,2.16,.0008467
1499595062,2.13,.0008371
1499595362,2.15,.0008424
1499595662,2.14,.000836
1499595962,2.14,.0008369
1499596262,2.13,.0008359
1499596562,2.15,.0008411
1499596861,2.14,.000836
1499597162,2.14,.0008352
1499597462,2.13,.000835
1499597762,2.13,.000835
1499598062,2.13,.0008352
1499598362,2.14,.0008369
1499598662,2.13,.0008352
1499598962,2.13,.0008353
1499599262,2.14,.0008381
1499599562,2.14,.0008373
1499599862,2.14,.0008373
1499600161,2.14,.0008371
1499600462,2.15,.0008393
1499600762,2.15,.0008391
1499601062,2.14,.000839
1499601362,2.14,.0008389
1499601662,2.14,.0008393
1499601962,2.09,.0008207
1499602262,2.09,.0008194
1499602562,2.1,.0008229
1499602862,2.11,.0008249
1499603162,2.11,.0008257
1499603462,2.1,.0008225
1499603762,2.1,.0008229
1499604062,2.1,.0008233
1499604362,2.08,.0008145
1499604662,2.06,.0008073
1499604962,2.06,.0008073
1499605261,2.05,.0008045
1499605561,2.05,.000804
1499605862,2.05,.0008043
1499606162,2.04,.0008033
1499606462,2.05,.000806
1499606762,2.04,.0008023
1499607062,2.05,.0008038
1499607362,2.04,.0008002
1499607662,2.06,.0008076
1499607962,2.06,.0008074
1499608262,2.06,.0008077
1499608562,2.05,.000804
1499608862,2.05,.0008056
1499609162,2.06,.000806
1499609462,2.06,.0008082
1499609762,2.06,.0008077
1499610062,2.07,.0008134
1499610362,2.08,.0008146
1499610662,2.1,.0008223
1499610962,2.08,.0008161
1499611262,2.08,.0008165
1499611562,2.1,.0008233
1499611862,2.1,.0008254
1499612162,2.1,.0008232
1499612462,2.09,.000817
1499612761,2.09,.0008179
1499613061,2.1,.0008182
1499613362,2.09,.0008163
1499613662,2.08,.0008133
1499613962,2.08,.0008135
1499614262,2.09,.0008139
1499614561,2.11,.0008236
1499614862,2.09,.0008147
1499615162,2.11,.0008214
1499615462,2.11,.0008219
1499615762,2.1,.0008204
1499616061,2.1,.0008202
1499616361,2.1,.0008185
1499616662,2.11,.0008219
1499616962,2.1,.0008211
1499617262,2.1,.0008201
1499617562,2.1,.000819
1499617862,2.11,.0008253
1499618163,2.1,.0008213
1499618462,2.09,.0008161
1499618762,2.09,.0008161
1499619062,2.09,.0008161
1499619362,2.09,.0008185
1499619662,2.08,.0008145
1499619962,2.08,.0008126
1499620262,2.08,.000813
1499620562,2.08,.0008148
1499620862,2.09,.0008176
1499621162,2.08,.0008152
1499621462,2.08,.0008152
1499621762,2.08,.0008152
1499622062,2.08,.0008119
1499622362,2.09,.0008187
1499622662,2.06,.0008077
1499622962,2.06,.0008074
1499623262,2.05,.0008009
1499623562,2.09,.0008162
1499623862,2.05,.0008005
1499624162,2.06,.0008072
1499624462,2.09,.0008173
1499624762,2.1,.0008243
1499625062,2.08,.0008153
1499625362,2.06,.0008096
1499625662,2.06,.0008071
1499625962,2.05,.000804
1499626262,2.06,.00081
1499626562,2.06,.00081
1499626862,2.06,.0008101
1499627162,2.07,.0008114
1499627462,2.06,.0008088
1499627762,2.06,.0008091
1499628062,2.07,.0008142
