1499126462,2.74,.001064
1499126762,2.74,.001063
1499127062,2.73,.001061
1499127362,2.73,.001058
1499127662,2.74,.001059
1499127962,2.75,.001064
1499128262,2.75,.001063
1499128562,2.75,.001062
1499128862,2.75,.001062
1499129162,2.73,.001055
1499129462,2.74,.001055
1499129762,2.77,.00107
1499130063,2.74,.001059
1499130362,2.73,.001053
1499130662,2.73,.001055
1499130962,2.74,.001059
1499131262,2.74,.001059
1499131562,2.75,.001062
1499131862,2.75,.001059
1499132162,2.76,.001064
1499132462,2.74,.001055
1499132762,2.74,.001055
1499133062,2.75,.001059
1499133362,2.74,.001055
1499133662,2.74,.001056
1499133962,2.74,.001053
1499134262,2.74,.001053
1499134562,2.74,.001053
1499134862,2.76,.001058
1499135162,2.76,.001058
1499135462,2.74,.00105
1499135762,2.76,.001058
1499136061,2.73,.001048
1499136362,2.71,.001034
1499136662,2.74,.001041
1499136962,2.74,.001041
1499137262,2.74,.001041
1499137562,2.74,.001041
1499137862,2.74,.001041
1499138162,2.74,.001041
1499138462,2.74,.001039
1499138762,2.73,.001033
1499139062,2.73,.001033
1499139362,2.72,.001032
1499139662,2.72,.00103
1499139962,2.7,.001025
1499140262,2.71,.001025
1499140562,2.74,.001039
1499140862,2.7,.001026
1499141162,2.7,.001026
1499141462,2.73,.001035
1499141762,2.72,.001032
1499142062,2.74,.001038
1499142362,2.72,.001032
1499142662,2.7,.001023
1499142962,2.7,.001023
1499143262,2.71,.00103
1499143562,2.7,.001025
1499143862,2.7,.001025
1499144162,2.72,.00103
1499144462,2.71,.001025
1499144762,2.7,.001025
1499145061,2.73,.001035
1499145361,2.72,.001031
1499145662,2.71,.001024
1499145962,2.72,.001028
1499146262,2.72,.001024
1499146562,2.71,.001021
1499146862,2.7,.001019
1499147162,2.71,.001021
1499147462,2.71,.001024
1499147762,2.7,.00102
1499148062,2.7,.00102
1499148362,2.7,.001023
1499148662,2.69,.00102
1499148962,2.71,.001026
1499149262,2.71,.001024
1499149562,2.73,.001033
1499149862,2.73,.001032
1499150162,2.7,.00102
1499150462,2.7,.001021
1499150762,2.73,.001031
1499151062,2.74,.001033
1499151362,2.72,.001028
1499151663,2.73,.001029
1499151962,2.73,.001029
1499152262,2.74,.001035
1499152562,2.78,.001047
1499152862,2.76,.001039
1499153162,2.76,.00104
1499153462,2.76,.001039
1499153762,2.75,.001039
1499154062,2.76,.001042
1499154362,2.75,.001038
1499154662,2.78,.001046
1499154962,2.77,.001044
1499155262,2.76,.001042
1499155562,2.76,.001041
1499155862,2.76,.001042
1499156162,2.76,.001043
1499156462,2.76,.001042
1499156762,2.76,.001042
1499157062,2.76,.001042
1499157362,2.76,.001042
1499157662,2.76,.001046
1499157962,2.73,.001037
1499158262,2.74,.001042
1499158562,2.73,.001038
1499158862,2.76,.001051
1499159162,2.74,.00104
1499159462,2.74,.00104
1499159763,2.73,.00104
1499160062,2.73,.00104
1499160362,2.74,.001041
1499160662,2.74,.001042
1499160962,2.75,.001046
1499161262,2.75,.001045
1499161562,2.77,.001052
1499161862,2.75,.001045
1499162162,2.76,.00105
1499162463,2.75,.001046
1499162762,2.76,.001049
1499163062,2.75,.001046
1499163362,2.74,.001041
1499163662,2.74,.001046
1499163962,2.74,.001046
1499164261,2.73,.001045
1499164561,2.73,.001045
1499164862,2.73,.00104
1499165162,2.73,.001041
1499165462,2.73,.001041
1499165762,2.73,.001041
1499166062,2.73,.00104
1499166361,2.72,.001036
1499166661,2.73,.001036
1499166962,2.74,.00104
1499167262,2.73,.001036
1499167562,2.73,.001035
1499167862,2.73,.001035
1499168162,2.72,.001035
1499168462,2.72,.001033
1499168762,2.71,.001031
1499169062,2.72,.001033
1499169362,2.72,.001031
1499169662,2.71,.001029
1499169962,2.71,.00103
1499170262,2.71,.001029
1499170562,2.71,.001029
1499170862,2.72,.001031
1499171162,2.72,.00103
1499171462,2.73,.001034
1499171762,2.73,.001035
1499172062,2.72,.001031
1499172362,2.72,.001031
1499172662,2.72,.001031
1499172962,2.72,.001034
1499173262,2.72,.001034
1499173562,2.73,.001036
1499173862,2.72,.001033
1499174162,2.73,.001033
1499174462,2.72,.001031
1499174762,2.74,.001036
1499175062,2.74,.001036
1499175362,2.73,.001032
1499175662,2.74,.001038
1499175962,2.74,.001039
1499176262,2.74,.001039
1499176562,2.74,.00104
1499176862,2.76,.001047
1499177162,2.74,.001041
1499177462,2.74,.00104
1499177762,2.75,.001041
1499178062,2.75,.001041
1499178362,2.75,.001041
1499178662,2.74,.001041
1499178962,2.73,.001037
1499179262,2.75,.001045
1499179562,2.74,.001041
1499179862,2.74,.001043
1499180162,2.75,.001043
1499180462,2.73,.001037
1499180762,2.73,.001037
1499181062,2.72,.001037
1499181362,2.71,.001038
1499181662,2.7,.001038
1499181961,2.71,.001044
1499182262,2.7,.001037
1499182562,2.71,.00104
1499182862,2.7,.001037
1499183162,2.71,.001039
1499183462,2.72,.001041
1499183762,2.71,.001037
1499184062,2.7,.001037
1499184362,2.7,.001038
1499184662,2.7,.001037
1499184962,2.7,.001037
1499185261,2.71,.001041
1499185562,2.7,.001041
1499185862,2.69,.001038
1499186162,2.69,.001038
1499186462,2.68,.001038
1499186762,2.68,.001038
1499187062,2.68,.001038
1499187362,2.68,.001038
1499187662,2.7,.001045
1499187962,2.69,.001039
1499188262,2.7,.001039
1499188562,2.7,.001038
1499188862,2.71,.001039
1499189162,2.7,.001038
1499189462,2.7,.001042
1499189762,2.68,.001036
1499190062,2.68,.001036
1499190362,2.69,.001036
1499190662,2.7,.001036
1499190962,2.7,.001036
1499191262,2.7,.001036
1499191562,2.69,.001036
1499191862,2.71,.00104
1499192162,2.71,.001041
1499192462,2.72,.001043
1499192762,2.7,.001038
1499193062,2.7,.001036
1499193362,2.7,.001035
1499193662,2.71,.00104
1499193962,2.72,.001047
1499194262,2.72,.001047
1499194562,2.71,.001041
1499194862,2.72,.001047
1499195162,2.71,.001042
1499195462,2.7,.001042
1499195762,2.7,.001046
1499196062,2.71,.001047
1499196362,2.72,.001053
1499196662,2.73,.001057
1499196962,2.73,.001057
1499197262,2.72,.001051
1499197561,2.74,.001054
1499197862,2.75,.001058
1499198162,2.74,.00106
1499198462,2.73,.001058
1499198762,2.73,.001058
1499199062,2.74,.00106
1499199362,2.74,.001061
1499199662,2.74,.00106
1499199962,2.74,.001059
1499200262,2.75,.001061
1499200561,2.75,.001062
1499200861,2.76,.001065
1499201162,2.76,.001065
1499201462,2.77,.001065
1499201762,2.77,.001065
1499202062,2.76,.001065
1499202362,2.75,.001061
1499202662,2.76,.001061
1499202962,2.77,.001065
1499203262,2.75,.001058
1499203562,2.77,.001064
1499203862,2.73,.001048
1499204162,2.74,.001055
1499204462,2.76,.001059
1499204762,2.75,.001059
1499205061,2.73,.00105
1499205361,2.73,.001051
1499205662,2.73,.001051
1499205962,2.71,.001042
1499206262,2.72,.001046
1499206562,2.72,.001043
1499206861,2.72,.001043
1499207162,2.72,.001044
1499207462,2.72,.001043
1499207762,2.72,.001043
1499208062,2.74,.001053
1499208362,2.71,.001043
1499208662,2.72,.001044
1499208962,2.72,.001043
1499209262,2.72,.001044
