1499212862,2.75,.001051
1499213162,2.75,.001052
1499213462,2.73,.001046
1499213762,2.74,.00105
1499214062,2.73,.001047
1499214361,2.74,.001051
1499214662,2.73,.001047
1499214962,2.72,.001046
1499215262,2.72,.001046
1499215562,2.72,.001047
1499215862,2.72,.001047
1499216162,2.71,.001049
1499216462,2.72,.00105
1499216762,2.72,.00105
1499217062,2.71,.001047
1499217362,2.71,.001047
1499217662,2.71,.001047
1499217962,2.73,.00105
1499218263,2.73,.00105
1499218562,2.73,.00105
1499218862,2.73,.001051
1499219162,2.73,.001051
1499219462,2.72,.00105
1499219762,2.72,.001052
1499220062,2.72,.001051
1499220362,2.72,.001051
1499220662,2.72,.00105
1499220962,2.71,.001051
1499221262,2.72,.001052
1499221562,2.71,.001052
1499221862,2.72,.001052
1499222162,2.72,.001052
1499222462,2.71,.001049
1499222762,2.71,.001048
1499223062,2.71,.00105
1499223362,2.71,.00105
1499223662,2.72,.00105
1499223962,2.72,.001051
1499224262,2.72,.001051
1499224562,2.73,.001055
1499224862,2.72,.001052
1499225162,2.72,.00105
1499225462,2.72,.00105
1499225762,2.73,.001055
1499226062,2.72,.00105
1499226362,2.71,.001048
1499226662,2.73,.001055
1499226962,2.73,.001057
1499227262,2.74,.001058
1499227562,2.72,.001052
1499227862,2.72,.001052
1499228162,2.71,.001049
1499228462,2.71,.00105
1499228762,2.69,.001048
1499229062,2.69,.001049
1499229362,2.7,.00105
1499229662,2.73,.001062
1499229962,2.71,.001054
1499230262,2.71,.001055
1499230562,2.71,.001055
1499230862,2.74,.001066
1499231162,2.71,.001052
1499231462,2.71,.001053
1499231762,2.72,.001057
1499232062,2.72,.001058
1499232361,2.71,.001053
1499232662,2.73,.001059
1499232962,2.71,.001051
1499233262,2.71,.001052
1499233562,2.72,.001053
1499233862,2.74,.001062
1499234162,2.75,.001062
1499234462,2.75,.001062
1499234762,2.73,.001056
1499235062,2.72,.001052
1499235362,2.72,.001052
1499235662,2.72,.001051
1499235962,2.72,.001052
1499236262,2.71,.001049
1499236562,2.71,.001051
1499236862,2.73,.001058
1499237162,2.72,.001058
1499237462,2.71,.001051
1499237762,2.73,.001059
1499238061,2.71,.001051
1499238362,2.72,.001057
1499238662,2.7,.001052
1499238962,2.7,.001051
1499239262,2.69,.001049
1499239562,2.68,.001047
1499239862,2.69,.001047
1499240161,2.69,.001047
1499240462,2.69,.001047
1499240762,2.69,.001049
1499241062,2.68,.001042
1499241362,2.68,.001042
1499241662,2.67,.00104
1499241962,2.65,.001031
1499242262,2.65,.001031
1499242562,2.65,.00103
1499242862,2.64,.001027
1499243162,2.62,.001019
1499243462,2.62,.001019
1499243762,2.63,.001024
1499244062,2.63,.001024
1499244362,2.64,.001024
1499244662,2.64,.001024
1499244962,2.66,.001031
1499245261,2.66,.001031
1499245562,2.65,.001027
1499245862,2.66,.00103
1499246162,2.63,.001018
1499246462,2.65,.001025
1499246762,2.64,.001023
1499247062,2.63,.001023
1499247362,2.63,.001023
1499247662,2.63,.00102
1499247962,2.63,.00102
1499248262,2.63,.00102
1499248562,2.65,.001028
1499248862,2.63,.00102
1499249162,2.63,.00102
1499249462,2.63,.00102
1499249762,2.64,.001021
1499250062,2.63,.001019
1499250361,2.63,.001018
1499250662,2.63,.001019
1499250962,2.63,.001019
1499251262,2.63,.001018
1499251562,2.63,.001017
1499251862,2.62,.001017
1499252162,2.62,.001017
1499252462,2.63,.00102
1499252762,2.64,.00102
1499253062,2.63,.001018
1499253362,2.63,.001017
1499253662,2.63,.001017
1499253962,2.63,.001018
1499254262,2.65,.001026
1499254562,2.66,.00103
1499254862,2.66,.00103
1499255162,2.66,.00103
1499255462,2.65,.001029
1499255762,2.66,.001029
1499256062,2.68,.001037
1499256362,2.66,.001029
1499256662,2.69,.001043
1499256962,2.64,.001023
1499257262,2.69,.001042
1499257562,2.66,.001028
1499257862,2.64,.001024
1499258162,2.64,.001024
1499258462,2.66,.001031
1499258762,2.66,.001032
1499259061,2.69,.001041
1499259361,2.68,.00104
1499259662,2.68,.001038
1499259962,2.67,.001038
1499260262,2.64,.001023
1499260562,2.66,.001032
1499260862,2.63,.00102
1499261161,2.64,.00102
1499261461,2.67,.001029
1499261762,2.65,.001021
1499262062,2.68,.001032
1499262362,2.68,.001032
1499262662,2.67,.001028
1499262962,2.67,.001028
1499263262,2.67,.001028
1499263562,2.68,.001031
1499263862,2.68,.001031
1499264162,2.67,.001031
1499264462,2.64,.001017
1499264762,2.64,.001019
1499265062,2.64,.001021
1499265361,2.63,.001014
1499265663,2.63,.001014
1499265963,2.63,.001014
1499266262,2.63,.001014
1499266562,2.63,.001013
1499266862,2.63,.001015
1499267162,2.62,.001012
1499267462,2.63,.001016
1499267762,2.62,.001013
1499268062,2.62,.001013
1499268361,2.62,.001011
1499268662,2.62,.001011
1499268962,2.62,.001011
1499269262,2.63,.001015
1499269562,2.63,.001015
1499269862,2.63,.001015
1499270162,2.63,.001013
1499270462,2.63,.001012
1499270762,2.6,.001003
1499271062,2.62,.001007
1499271362,2.61,.001003
1499271662,2.61,.001006
1499271962,2.61,.001005
1499272262,2.62,.001008
1499272562,2.62,.001007
1499272862,2.61,.001005
1499273162,2.61,.001005
1499273462,2.63,.001011
1499273762,2.63,.001013
1499274062,2.63,.001013
1499274362,2.62,.001008
1499274662,2.63,.001011
1499274962,2.63,.001011
1499275262,2.61,.001004
1499275562,2.6,.0009998
1499275862,2.59,.0009988
1499276162,2.59,.000999
1499276462,2.6,.001
1499276762,2.63,.00101
1499277062,2.64,.001014
1499277363,2.59,.0009939
1499277662,2.58,.0009898
1499277962,2.59,.0009928
1499278262,2.61,.001002
1499278562,2.61,.001
1499278862,2.59,.0009927
1499279162,2.59,.0009927
1499279462,2.6,.0009927
1499279762,2.57,.0009827
1499280062,2.58,.0009831
1499280362,2.61,.0009966
1499280662,2.62,.001
1499280962,2.61,.0009978
1499281262,2.61,.0009976
