1499487662,2.14,.0008466
1499487962,2.14,.0008488
1499488262,2.13,.000845
1499488562,2.13,.0008445
1499488861,2.13,.0008441
1499489161,2.11,.0008351
1499489462,2.1,.0008296
1499489762,2.07,.0008176
1499490061,2.07,.000817
1499490362,2.04,.0008075
1499490662,2.04,.0008078
1499490962,2.04,.000808
1499491262,2.05,.0008114
1499491562,2.05,.0008125
1499491862,2.04,.0008106
1499492162,2.04,.0008103
1499492462,2.04,.0008125
1499492762,2.08,.0008273
1499493062,2.07,.0008217
1499493362,2.07,.0008217
1499493662,2.04,.0008094
1499493962,2.07,.0008209
1499494262,2.04,.0008095
1499494562,2.05,.0008173
1499494862,2.03,.0008093
