1499644862,1.95,.0007773
1499645162,1.96,.0007787
1499645462,1.96,.0007792
1499645762,1.96,.0007778
1499646062,1.95,.0007768
1499646362,1.95,.0007767
1499646662,1.95,.0007751
1499646962,1.94,.0007729
1499647262,1.95,.0007756
1499647562,1.94,.000772
1499647862,1.93,.0007722
1499648162,1.94,.0007768
1499648462,1.95,.0007808
1499648762,1.94,.0007741
1499649062,1.94,.0007739
1499649362,1.95,.0007739
1499649662,1.94,.0007724
1499649962,1.94,.0007724
1499650262,1.95,.0007763
1499650562,1.95,.0007763
1499650862,1.95,.000776
1499651162,1.91,.00076
1499651462,1.94,.000772
1499651762,1.94,.0007718
1499652062,1.94,.0007717
1499652362,1.93,.0007671
1499652662,1.93,.0007659
1499652962,1.93,.0007641
1499653262,1.96,.000776
1499653562,1.9,.0007528
1499653862,1.94,.0007705
1499654162,1.89,.0007515
1499654462,1.9,.0007531
1499654762,1.91,.0007605
1499655062,1.91,.0007573
1499655362,1.91,.000757
1499655662,1.9,.0007569
1499655962,1.9,.0007551
1499656262,1.9,.0007535
1499656562,1.89,.0007514
1499656863,,
