1499385662,2.6,.0009937
1499385962,2.62,.001004
1499386262,2.62,.001001
1499386562,2.61,.001
1499386862,2.63,.001005
1499387162,2.62,.001002
1499387462,2.63,.001006
1499387762,2.65,.001013
1499388062,2.64,.00101
1499388362,2.65,.001012
1499388662,2.64,.001011
1499388962,2.64,.00101
1499389262,2.63,.001007
1499389562,2.64,.001008
1499389861,2.64,.001011
1499390161,2.63,.001012
1499390462,2.63,.001013
1499390762,2.64,.001012
1499391062,2.64,.001012
1499391362,2.63,.001012
1499391662,2.64,.001012
1499391962,2.65,.001016
1499392262,2.64,.001012
1499392562,2.65,.001018
1499392862,2.66,.00102
1499393162,2.65,.001016
1499393462,2.66,.00102
1499393762,2.66,.001021
1499394062,2.65,.001017
1499394362,2.64,.001017
1499394662,2.64,.001017
1499394961,2.64,.001017
1499395262,2.64,.001017
1499395562,2.64,.001017
1499395862,2.64,.001017
1499396162,2.64,.001017
1499396462,2.64,.001017
1499396762,2.64,.00102
1499397062,2.64,.001019
1499397362,2.65,.00102
1499397662,2.64,.001016
1499397962,2.64,.001016
1499398262,2.64,.001016
1499398562,2.63,.001014
1499398862,2.64,.001017
1499399162,2.62,.001012
1499399462,2.63,.001013
1499399762,2.63,.001012
1499400062,2.63,.001012
1499400362,2.64,.001018
1499400662,2.63,.001014
1499400962,2.63,.001012
1499401262,2.62,.001011
1499401562,2.66,.001024
1499401862,2.63,.001011
1499402162,2.63,.001012
1499402462,2.64,.001015
1499402762,2.63,.001015
1499403062,2.63,.001012
1499403362,2.63,.001012
1499403662,2.63,.001013
1499403962,2.63,.001014
1499404261,2.63,.001015
1499404562,2.64,.001018
1499404862,2.63,.001015
1499405161,2.63,.001015
1499405461,2.63,.001015
1499405761,2.64,.00102
1499406061,2.65,.00102
1499406361,2.65,.001021
1499406662,2.66,.001026
1499406962,2.66,.001024
1499407262,2.65,.001021
1499407562,2.65,.001021
1499407862,2.66,.001025
1499408162,2.66,.001026
1499408462,2.66,.001023
1499408762,2.66,.001023
1499409062,2.65,.00102
1499409362,2.63,.001014
1499409662,2.63,.001015
1499409962,2.62,.001015
1499410262,2.63,.001015
1499410562,2.64,.001021
1499410862,2.62,.001014
1499411162,2.61,.001014
1499411462,2.63,.001019
1499411762,2.63,.001021
1499412062,2.61,.001014
1499412362,2.61,.001014
1499412662,2.61,.001014
1499412961,2.61,.001014
1499413262,2.63,.001021
1499413562,2.63,.001024
1499413862,2.67,.001037
1499414162,2.64,.001025
1499414462,2.64,.001024
1499414762,2.64,.001028
1499415062,2.64,.001025
1499415362,2.63,.001024
1499415662,2.63,.001024
1499415962,2.64,.001027
1499416262,2.62,.001019
1499416562,2.62,.001021
1499416862,2.62,.001021
1499417162,2.6,.001011
1499417462,2.6,.001012
1499417762,2.6,.001012
1499418062,2.61,.001012
1499418362,2.6,.001011
1499418662,2.6,.001011
1499418962,2.6,.001011
1499419262,2.6,.001011
1499419562,2.58,.001004
1499419862,2.58,.001004
1499420161,2.58,.001004
1499420462,2.59,.001004
1499420762,2.58,.001002
1499421062,2.56,.000995
1499421362,2.51,.0009764
1499421662,2.52,.0009768
1499421962,2.53,.0009807
1499422262,2.52,.0009765
1499422562,2.51,.0009741
1499422862,2.58,.0009974
1499423162,2.52,.0009765
1499423462,2.52,.0009768
1499423761,2.56,.00099
1499424062,2.54,.0009824
1499424362,2.54,.0009822
1499424662,2.54,.0009824
1499424962,2.54,.0009842
1499425262,2.54,.0009849
1499425561,2.54,.0009855
1499425862,2.53,.0009822
1499426162,2.54,.0009864
1499426462,2.53,.0009838
1499426762,2.54,.0009901
1499427062,2.55,.0009912
1499427362,2.55,.0009922
1499427662,2.55,.0009922
1499427962,2.54,.0009913
1499428262,2.5,.0009777
1499428562,2.5,.0009789
1499428862,2.5,.0009792
1499429162,2.5,.0009797
1499429462,2.5,.0009776
1499429762,2.52,.0009875
1499430062,2.49,.0009777
1499430362,2.48,.0009758
1499430662,2.48,.0009758
1499430962,2.48,.0009758
1499431262,2.48,.000979
1499431563,2.46,.0009726
1499431862,2.47,.0009725
1499432162,2.46,.0009725
1499432462,2.46,.0009678
1499432762,2.44,.0009619
1499433062,2.44,.0009609
1499433362,2.43,.000958
1499433662,2.43,.0009561
1499433962,2.42,.0009561
1499434262,2.43,.0009624
1499434562,2.43,.0009658
1499434862,2.42,.0009627
1499435162,2.34,.0009304
1499435462,2.31,.0009171
1499435762,2.36,.000938
1499436062,2.35,.0009309
1499436361,2.34,.0009276
1499436661,2.31,.0009176
1499436961,2.32,.0009167
1499437262,2.31,.0009131
1499437562,2.3,.0009093
1499437862,2.31,.0009126
1499438162,2.29,.0009049
1499438461,2.29,.0009049
1499438762,2.3,.0009118
1499439062,2.29,.0009054
1499439362,2.3,.0009106
1499439662,2.28,.0009063
