1498003262,410.68,.1523
1498003562,410.6,.1524
1498003862,408.63,.1523
1498004162,409.76,.1521
1498004461,410.24,.1521
1498004762,410.94,.1521
1498005062,409.19,.1518
1498005362,412.69,.1517
1498005662,412.28,.1516
1498005962,410.39,.1516
1498006262,409.94,.152
1498006562,410.1,.1517
1498006862,410.61,.1518
1498007162,411.64,.1519
1498007462,410.73,.1524
1498007762,411.27,.1521
1498008061,411.37,.152
1498008362,412.25,.1524
1498008662,410.91,.1521
1498008962,411.04,.1521
1498009262,410.38,.1528
1498009562,410.17,.1521
1498009862,411.01,.1523
1498010162,413.22,.1523
1498010462,412.95,.1523
1498010762,412.3,.1521
1498011062,411.44,.152
1498011362,412.86,.1526
1498011662,413.16,.1528
1498011962,412.86,.1522
1498012262,413.52,.1517
1498012562,413.81,.152
1498012862,413.68,.1518
1498013162,409.54,.152
1498013462,413.59,.152
1498013762,414.24,.152
1498014062,410.1,.1517
1498014362,409.97,.1516
1498014662,409.52,.1515
1498014962,411.02,.1505
1498015262,410.98,.1505
1498015562,413.28,.1513
1498015862,414.02,.1519
1498016162,410.92,.1515
1498016462,415.75,.1513
1498016762,412.8,.1509
1498017061,408.24,.1502
1498017362,409.3,.1496
1498017662,408.34,.149
1498017962,407.94,.1492
1498018262,407.67,.1482
1498018562,406.62,.1484
1498018862,404.56,.1479
1498019162,404.8,.1474
1498019462,404.81,.1466
1498019762,403.98,.1469
1498020062,405.41,.1469
1498020362,404.08,.1468
1498020662,402.98,.1465
1498020962,403.33,.1465
1498021262,401.64,.1458
1498021561,,
1498021862,400.36,.1463
1498022162,410.08,.1462
1498022462,399.9,.1459
1498022762,400.67,.146
1498023062,399.33,.1462
1498023362,399.57,.147
1498023662,400.89,.1472
1498023962,400.69,.1473
1498024262,400.39,.1475
1498024562,402.54,.1479
1498024861,401.47,.148
1498025162,400.6,.149
1498025462,400.16,.1493
1498025762,398.6,.1489
1498026062,395.81,.1493
1498026362,394.2,.1488
1498026662,393.62,.1481
1498026962,381.84,.1458
1498027262,388.37,.1464
1498027562,391.42,.1464
1498027862,392.93,.1461
1498028162,396.63,.1473
