1497744063,394.21,.1502
1497744366,398.1,.1503
1497744662,398.1,.1498
1497744962,391.74,.1487
1497745262,390.27,.1479
1497745562,389.78,.1479
1497745861,389.54,.1476
1497746161,388.23,.1478
1497746462,388.28,.1481
1497746762,385.86,.148
1497747062,384.2,.1479
1497747362,385.55,.1472
1497747661,385.96,.1476
1497747962,387.02,.1476
1497748262,387.16,.1477
1497748562,388.46,.1476
1497748861,387.89,.1477
1497749162,388.5,.1476
1497749462,387.8,.1474
1497749762,389,.1483
1497750062,388.76,.1477
1497750362,388.93,.1474
1497750662,389.14,.1474
1497750962,391.08,.1481
1497751262,390.94,.1484
1497751562,391.62,.1481
1497751862,391.84,.1479
1497752162,391.82,.148
1497752462,391.82,.1478
1497752762,386.43,.1475
1497753062,389.69,.1476
1497753362,390,.1477
1497753662,389.99,.1479
1497753962,393.22,.148
1497754262,392.31,.1485
1497754562,392.31,.1486
1497754862,390.91,.1482
1497755162,392.4,.1483
1497755462,394.87,.1484
1497755762,393.63,.1481
1497756062,393.54,.1481
1497756362,392.45,.1481
1497756662,391.25,.1483
1497756962,392.02,.1484
1497757262,394.34,.1484
1497757562,394.18,.1485
1497757862,393.92,.1486
1497758162,393.56,.1488
1497758462,393.85,.1488
1497758762,393.42,.1487
1497759062,394.93,.1486
1497759362,394.37,.1479
1497759662,394.68,.148
1497759962,394.88,.1479
1497760262,395.05,.1488
1497760562,396.82,.1498
1497760862,397.24,.1496
1497761162,396.67,.1496
1497761462,395.42,.1496
1497761762,394.71,.1497
1497762062,394.69,.1498
1497762362,393.33,.1495
1497762662,392.69,.1498
1497762962,395.28,.1503
1497763262,395.59,.1503
1497763562,397.15,.1503
1497763862,397.11,.1505
1497764162,397.71,.1497
1497764462,397.86,.15
1497764762,397.75,.1505
1497765062,397.66,.1499
1497765362,396.81,.15
1497765662,397.44,.1501
1497765962,395.88,.1501
1497766262,394.77,.1499
1497766562,396.3,.1499
1497766862,395.62,.1498
1497767162,394.4,.1497
1497767462,392.66,.1494
1497767762,393.09,.1493
1497768062,392.69,.1499
1497768362,389.05,.1499
1497768662,390.48,.1498
1497768962,390.66,.1498
1497769262,390.21,.1502
1497769562,389.47,.1502
1497769862,389.06,.1501
1497770162,385.28,.1502
1497770462,383.43,.1501
1497770762,379.27,.1507
1497771062,380.39,.1499
1497771362,378.89,.1507
1497771662,378.96,.1501
1497771962,378.53,.1504
1497772262,382.57,.15
1497772562,380.86,.1504
1497772862,377.83,.1509
1497773162,374.29,.1504
1497773462,375.45,.1497
1497773762,375.08,.1498
1497774062,375.6,.149
1497774362,378.05,.1499
1497774662,377.23,.1491
1497774962,378.81,.15
1497775261,378.88,.1494
1497775562,378.22,.1495
1497775862,377.37,.1495
1497776162,381.78,.149
1497776462,381.5,.1491
1497776762,381.76,.1485
1497777062,381.63,.1486
1497777362,380.16,.1489
1497777662,379.63,.1484
1497777962,380.1,.1484
1497778262,379.65,.1478
1497778562,377.77,.1477
1497778862,377.62,.148
1497779162,377.51,.148
1497779462,379.62,.148
1497779762,381.7,.1486
1497780062,380.77,.148
1497780362,377.66,.1484
1497780662,378.57,.1486
1497780962,380.92,.1487
1497781262,380.86,.1484
1497781561,382.77,.1481
1497781862,383.21,.1486
1497782162,383.24,.1481
1497782462,386.47,.1481
1497782762,385.92,.1477
1497783062,386.4,.148
1497783362,385.2,.1481
1497783662,384.73,.1482
1497783962,384.41,.1479
1497784262,383.62,.1482
1497784562,381.06,.1482
1497784861,381.9,.1482
1497785162,381.05,.148
1497785462,380.7,.1483
1497785762,380.45,.148
1497786062,381.57,.148
1497786362,380.62,.1484
1497786662,380.97,.1487
1497786962,381.33,.1484
1497787262,380.34,.1485
1497787562,380.75,.148
1497787862,380.26,.148
1497788162,378.48,.1481
1497788462,381.92,.1478
1497788762,382.75,.1482
1497789062,382.15,.1478
1497789362,382.06,.1479
1497789662,382.38,.1478
1497789962,382.09,.1477
1497790262,380.73,.1478
1497790562,382.03,.1477
1497790862,381.31,.1476
1497791162,381.81,.1478
1497791462,381.81,.1479
1497791762,382.89,.1476
1497792062,380.23,.1481
1497792361,378.01,.1478
1497792662,377.5,.1479
1497792962,375.16,.1482
1497793262,374.36,.1483
1497793562,378.45,.1483
1497793862,376.66,.1485
1497794162,375.86,.1481
1497794462,376.62,.148
1497794762,374.3,.1476
1497795062,375.14,.1472
1497795362,374.52,.1473
1497795662,374.52,.1484
1497795962,374.77,.1479
1497796262,373.5,.1483
1497796562,373.34,.1479
1497796862,373.78,.1478
1497797162,373.51,.148
1497797462,378.93,.1482
1497797762,376.82,.1479
1497798062,377.68,.1478
1497798362,377.2,.1479
1497798662,377.53,.1476
1497798962,377.73,.1477
1497799262,376.48,.1477
1497799562,373.77,.1482
1497799862,374.43,.1477
1497800162,377.56,.1477
1497800462,377.1,.1477
1497800762,376.3,.148
1497801062,375.52,.1475
1497801362,374.12,.1479
1497801662,378.37,.1479
1497801962,379.23,.1482
1497802262,384.11,.1487
1497802562,382.19,.1492
1497802862,383.97,.1493
1497803162,382.94,.1489
1497803462,380.69,.1485
1497803762,380.43,.1477
1497804062,377.68,.1476
1497804361,377.97,.1475
1497804662,375.75,.1473
1497804962,375.39,.1472
1497805262,376.46,.1471
1497805562,376.39,.1474
1497805862,377.18,.1471
1497806162,377.3,.1469
1497806461,375.63,.1468
1497806761,375.58,.1468
1497807062,375.84,.1474
1497807362,376.39,.1474
1497807662,375.46,.1468
1497807962,376.26,.1474
1497808262,376.16,.1472
1497808561,378.31,.1475
1497808862,376.64,.1472
1497809162,375.06,.1471
1497809462,373.51,.1472
1497809762,372.43,.1468
1497810062,370.1,.1473
1497810362,372.15,.1471
1497810662,370.22,.1473
1497810962,371.72,.1475
1497811262,373.2,.147
1497811562,373.02,.1472
1497811862,370.28,.1469
1497812162,369.86,.1467
