1497830462,369.01,.1482
1497830762,370.05,.1479
1497831062,368.93,.1477
1497831362,370.27,.148
1497831662,369.04,.1478
1497831962,371.62,.1476
1497832262,371.75,.1482
1497832562,370.44,.1478
1497832862,370.98,.1484
1497833162,370.3,.1485
1497833462,370.64,.1487
1497833761,373.08,.1488
1497834062,370.94,.1486
1497834362,371.5,.1485
1497834662,371.17,.148
1497834962,370.21,.1478
1497835262,371.29,.1485
1497835562,373.13,.1489
1497835862,373.33,.148
1497836162,374.92,.1478
1497836461,371.05,.1476
1497836762,371.05,.1477
1497837062,370.87,.1481
1497837362,369.37,.1475
1497837662,364.98,.1474
1497837962,364.61,.1473
1497838262,367.07,.1473
1497838562,368.22,.1472
1497838862,367.53,.1471
1497839162,365.28,.1471
1497839463,368.17,.1472
1497839762,369.24,.1473
1497840062,370.41,.1471
1497840362,370.23,.147
1497840662,371.72,.1474
1497840962,371.54,.1471
1497841262,371.76,.1472
1497841562,373.61,.1478
1497841862,373.44,.1477
1497842162,375.9,.1477
1497842462,376,.1473
1497842762,375.8,.1474
1497843062,375.06,.1475
1497843362,374.56,.1476
1497843662,374.34,.1475
1497843962,374.07,.1474
1497844262,374.16,.1472
1497844562,374.48,.1472
1497844862,373.96,.1473
1497845162,375.45,.1473
1497845462,374.48,.1475
1497845761,373.53,.1475
1497846062,372.87,.1475
1497846362,375.48,.1482
1497846662,375.35,.1476
1497846962,374.88,.1469
1497847262,374.47,.1472
1497847562,375.35,.1478
1497847862,376.7,.1483
1497848162,375.93,.148
1497848462,372.76,.147
1497848762,372.94,.1469
1497849062,373.42,.147
1497849362,373.52,.1474
1497849662,373.28,.147
1497849962,374.27,.1468
1497850262,373.24,.1467
1497850561,373.08,.1466
1497850862,373.27,.1467
1497851162,372.98,.1465
1497851462,373.51,.1471
1497851762,373.42,.1469
1497852062,375.63,.1469
1497852362,374.67,.1466
1497852662,374.11,.1467
1497852962,374.82,.1469
1497853262,376.76,.1466
1497853562,375.85,.1466
1497853862,375.85,.1468
1497854163,376.66,.1467
1497854462,375.89,.1473
1497854762,375.99,.1469
1497855062,377.14,.1466
1497855363,376.22,.1467
1497855662,376.66,.1466
1497855962,377.02,.1467
1497856262,375.95,.1463
1497856562,375.95,.1461
1497856862,374.66,.1467
1497857162,373.12,.1464
1497857462,375.61,.1464
1497857762,375.61,.1463
1497858062,373.71,.146
1497858362,373.4,.1456
1497858662,370.4,.1452
1497858962,370.4,.1459
1497859262,372.33,.1459
1497859562,372.12,.1461
1497859862,371.82,.1462
1497860162,373.8,.1464
1497860462,372.99,.1461
1497860762,373.17,.1467
1497861062,372.72,.147
1497861362,375,.1467
1497861662,373.88,.1465
1497861962,375.51,.1465
1497862262,375.27,.146
1497862562,373.55,.1457
1497862862,375.28,.147
1497863162,375.78,.1465
1497863462,375.09,.1466
1497863762,371.3,.1471
1497864062,371.36,.1473
1497864362,371.37,.1475
1497864662,370.13,.1478
1497864962,370.57,.1474
1497865262,369.9,.1475
1497865562,369.22,.1475
1497865862,368.91,.1476
1497866162,370.01,.1474
1497866462,370.01,.1478
1497866762,372.34,.1481
1497867062,371.12,.148
1497867362,373.35,.1472
1497867662,372.61,.1478
1497867962,372.67,.1483
1497868262,372.69,.1485
1497868562,374.19,.148
1497868862,372.76,.147
1497869162,369.81,.1476
1497869462,371.77,.1473
1497869762,370.69,.1466
1497870062,372.33,.1475
1497870362,373.74,.1489
1497870662,374.18,.1493
1497870962,374.89,.15
1497871262,373.23,.1497
1497871562,372.26,.15
1497871862,370.42,.1499
1497872162,373.55,.1494
1497872462,373.17,.1492
1497872762,372.08,.1491
1497873062,371.93,.1484
1497873362,371.14,.1483
