1497916862,401.68,.1545
1497917162,397.55,.1548
1497917462,398.1,.1549
1497917763,398.2,.1554
1497918062,397.73,.1558
1497918362,403.53,.1562
1497918662,405.35,.1562
1497918962,405.37,.1559
1497919263,405.76,.1559
1497919562,404.89,.1559
1497919862,406.39,.1564
1497920162,407.57,.1558
1497920462,405.24,.1559
1497920762,405.01,.1565
1497921062,405.89,.1567
1497921362,406.36,.1571
1497921662,407.45,.1577
1497921962,408.13,.1575
1497922261,408.14,.1573
1497922562,409.46,.1578
1497922862,409.84,.1579
1497923162,410.37,.1585
1497923462,410.72,.1579
1497923762,411.65,.1573
1497924062,411.51,.1565
1497924362,408.88,.1565
1497924662,409.66,.1565
1497924962,408.61,.1566
1497925263,409.12,.1583
1497925562,412.88,.1584
1497925862,412.07,.1584
1497926162,410.88,.1589
1497926462,411.82,.1588
1497926762,413.35,.1589
1497927062,417.22,.1595
1497927362,415.33,.1591
1497927662,415.8,.1597
1497927962,413.93,.16
1497928262,414.45,.1599
1497928562,416,.1607
1497928862,419.58,.1616
1497929162,421.62,.1618
1497929462,420.76,.1619
1497929762,420.05,.162
1497930062,421.1,.1618
1497930362,420.31,.1621
1497930662,419.07,.1629
1497930962,424.97,.1651
1497931262,424.97,.1642
1497931562,428.75,.1656
1497931862,430.37,.1662
1497932162,431.74,.1668
1497932462,431.72,.1667
1497932762,430.33,.1648
1497933062,420.42,.1624
1497933362,421.06,.1593
1497933662,413.55,.1608
1497933962,419.56,.1615
1497934262,414.56,.1615
1497934562,417.31,.1592
