1498089662,380.89,.1449
1498089962,383.05,.1459
1498090262,384.92,.1465
1498090562,389.74,.1466
1498090862,393.05,.147
1498091162,389.61,.1479
1498091462,389.75,.1475
1498091762,390.04,.1479
1498092062,394.7,.1482
1498092362,394.61,.1486
1498092662,394.55,.1492
1498092962,394.95,.149
1498093262,394.6,.1495
1498093562,395.32,.149
1498093862,394.51,.1494
1498094162,391.23,.1489
1498094462,393.64,.1482
1498094762,387.99,.1478
1498095062,386.85,.1475
1498095362,387.04,.1472
1498095662,387.47,.1468
1498095962,387.56,.1469
1498096261,387.65,.1474
1498096562,387.75,.1469
