1497679535,369.94,.1496
1497679552,369.94,.1496
1497679595,371.09,.1494
1497681152,372.08,.1489
1497681218,369.82,.1488
1497681246,370.68,.1488
1497681324,370.68,.1494
1497681344,370.68,.1494
1497681386,373.67,.1494
1497681406,375.23,.1494
1497681591,372.99,.1494
1497681662,366.85,.1495
1497681962,373.25,.1497
1497682262,374.72,.1497
1497682562,374.25,.1508
1497682862,377.92,.1518
1497683162,377.67,.152
1497683462,378.05,.152
1497683762,377.38,.1524
1497684062,377.86,.1512
1497684362,377.64,.1518
1497684662,376.23,.1518
1497684962,378.55,.1528
1497685262,377.77,.1528
1497685562,379.18,.1528
1497685862,376.75,.1523
1497686162,377.09,.1524
