1498694462,336.91,.1317
1498694762,335.97,.132
1498695062,336.25,.132
1498695362,333.95,.1319
1498695662,335.31,.1322
1498695962,335.33,.1321
1498696262,335.67,.132
1498696562,335.08,.1319
1498696862,335.05,.1319
1498697162,334.82,.1321
1498697462,335.24,.1318
1498697762,336.1,.1318
1498698062,334.76,.1318
1498698362,334.67,.1323
1498698662,334.27,.1317
1498698962,334.7,.1322
1498699262,334.95,.1317
1498699562,335.12,.132
1498699862,334.64,.1323
1498700162,334.87,.1323
1498700462,334.7,.1325
1498700762,339.15,.1324
1498701062,339.15,.1323
1498701362,337.39,.1326
