1498867262,291.71,.1208
1498867562,290.76,.1209
1498867862,293.39,.1214
1498868162,295.46,.1217
1498868462,294.29,.1212
1498868762,295.51,.1211
1498869062,295.37,.121
1498869362,295.51,.1212
1498869662,294.07,.1215
1498869962,294.54,.1213
1498870262,293.62,.1216
1498870562,293.33,.1218
1498870862,295.65,.122
1498871162,295.47,.1219
1498871462,296.4,.1219
1498871762,296.76,.1223
1498872061,296.33,.1223
1498872362,297.51,.1223
1498872662,296.03,.1223
1498872962,295.99,.1224
1498873262,294.35,.122
1498873562,291.59,.1212
1498873862,291.1,.1214
1498874162,290.91,.1213
1498874462,290.15,.1217
