1498608062,335.58,.1287
1498608362,325.66,.1283
1498608662,324.19,.1284
1498608962,321.17,.128
1498609262,321.95,.1284
1498609562,324.98,.1295
1498609862,325.94,.1298
1498610162,326.77,.1296
1498610462,326.75,.1299
1498610762,328.12,.13
1498611062,328.12,.1299
1498611362,326.89,.1303
1498611662,327.87,.1311
1498611962,327.94,.131
1498612262,327.94,.1308
1498612562,327.94,.1308
1498612862,328.4,.1304
1498613162,328.61,.1307
1498613462,326.27,.1308
1498613762,323.12,.1308
1498614062,323.23,.1303
1498614362,326.15,.1301
1498614662,320.39,.1297
1498614962,318,.1298
1498615262,318.01,.1291
1498615562,318.4,.1284
1498615862,321.01,.1281
1498616162,321.54,.128
1498616462,319.11,.128
1498616762,322.28,.1276
1498617062,319.56,.128
1498617362,317.39,.1273
1498617662,316.69,.1275
1498617962,315.01,.1271
1498618262,318.35,.1272
1498618562,313.31,.127
