1498435262,313.72,.1269
1498435562,313.8,.1275
1498435862,313.9,.127
1498436162,313.35,.127
1498436462,311.58,.1262
1498436762,309.53,.125
1498437062,307.25,.1247
1498437362,307.26,.1255
1498437662,307.27,.1253
1498437962,310.03,.1252
1498438262,310.03,.1255
1498438562,314.03,.1262
1498438862,314.09,.1273
1498439162,315.36,.126
1498439462,315.36,.1265
1498439762,319.46,.1264
1498440062,319.63,.1267
1498440362,319.46,.1262
1498440662,315.63,.1264
1498440961,315.98,.126
1498441262,316.09,.126
1498441562,313.89,.1263
1498441862,313.4,.1266
1498442162,314.95,.1267
1498442462,332.77,.1281
1498442762,328.4,.1284
1498443062,328.41,.1283
1498443362,325.89,.1279
1498443662,326.04,.1276
1498443962,324.09,.1277
1498444262,323.58,.1273
1498444562,323.34,.1272
1498444861,323.3,.1266
1498445162,314.87,.1265
1498445462,315.9,.1257
1498445762,315.26,.1259
1498446062,318.58,.1266
1498446362,323.87,.1269
1498446662,311.94,.128
1498446962,317.88,.1283
1498447262,323.69,.1279
1498447562,323.77,.1285
1498447862,323.07,.1284
1498448162,320.97,.1281
1498448462,320.54,.1279
1498448762,322.15,.1276
1498449062,322.62,.1272
1498449362,321.02,.1268
1498449662,324.05,.1267
1498449962,325.29,.1268
1498450262,328.57,.1262
1498450562,323.28,.1261
1498450862,323.28,.1263
1498451162,321.49,.1269
1498451462,319.23,.1263
1498451762,322.27,.1268
1498452062,318.02,.1255
1498452362,318.48,.1255
1498452662,316.95,.1248
1498452962,314.64,.1246
1498453262,311.84,.1241
1498453562,311.57,.1246
1498453862,313.85,.1246
1498454162,312.64,.1245
1498454462,312.32,.1246
1498454762,312.15,.1247
1498455062,312.96,.1245
1498455362,309.05,.1237
1498455662,311.47,.1237
1498455962,306.41,.1231
1498456262,307.64,.1223
1498456562,305.62,.1221
1498456862,305.46,.1218
1498457162,301.44,.1219
1498457462,301.6,.1223
1498457762,300.68,.1221
1498458062,300.72,.1217
1498458362,301.71,.1216
1498458662,295.15,.1211
1498458962,295.01,.121
1498459262,295.5,.1203
1498459562,295.39,.12
1498459862,295.32,.1201
1498460162,295.66,.1197
1498460462,292,.1183
1498460762,288.68,.1173
1498461062,286.85,.1178
1498461362,287.42,.1173
1498461662,289.7,.1175
1498461962,286.91,.1181
1498462262,287.13,.1183
1498462562,293.42,.1175
1498462862,295.52,.1169
1498463162,295.52,.1173
1498463462,299.21,.1171
1498463762,290.57,.1164
1498464062,289.99,.1159
1498464362,287.05,.1165
1498464662,283.3,.1166
1498464962,287.38,.1171
1498465262,286.97,.1178
1498465562,289.15,.1179
1498465862,290.67,.1179
1498466162,292.55,.1173
1498466462,287.7,.1176
1498466762,286.86,.1167
1498467062,287.21,.1173
1498467361,286.86,.1179
1498467662,288.54,.1173
1498467962,284.03,.1168
1498468262,281.61,.1164
1498468562,281.7,.116
1498468862,281.47,.1159
1498469162,284.02,.1161
1498469462,283.44,.1161
1498469762,283.37,.1159
1498470062,288.52,.1166
1498470362,289.19,.1164
1498470662,288.93,.1173
1498470962,289.2,.1166
1498471262,289.2,.1184
1498471562,293.59,.1184
1498471862,294.34,.1185
1498472162,294.66,.1196
1498472462,294.98,.1192
1498472762,295,.119
1498473062,292.42,.1181
1498473362,293.73,.1189
1498473662,297.48,.1196
1498473961,293.87,.1198
1498474261,296.94,.1208
1498474562,300.62,.1219
1498474862,301.41,.122
1498475162,301.72,.1221
1498475462,301.72,.1223
1498475762,299.61,.1216
1498476062,299.87,.1218
1498476362,299.93,.1216
1498476662,297.32,.1216
1498476962,297.32,.1214
1498477262,297.67,.1214
1498477562,296.68,.1209
1498477862,296.35,.1212
1498478162,299.39,.1209
1498478462,298.25,.1211
1498478762,300.41,.1215
1498479062,300.41,.1216
1498479362,300.1,.121
1498479662,296.04,.12
1498479962,293.53,.1201
1498480262,293.53,.1193
1498480562,294.31,.1194
1498480862,294.31,.1196
1498481162,294.32,.1197
1498481462,294.32,.1195
1498481762,294.57,.1195
1498482062,294.64,.1195
1498482362,294.48,.1195
1498482662,293.38,.1196
1498482962,294.38,.1198
1498483262,295.49,.1203
1498483562,297.97,.1215
1498483862,299.82,.121
1498484162,295.31,.1214
1498484462,295.26,.1214
1498484762,300,.1208
1498485062,299.27,.1217
1498485362,299.21,.1219
1498485662,295.76,.1218
1498485962,298.08,.122
1498486262,297.9,.1224
1498486562,299.46,.1215
1498486862,299.58,.1206
1498487162,294.99,.1198
1498487462,294.99,.12
1498487762,295,.1195
1498488062,295,.121
1498488362,295,.1195
1498488662,295,.1199
1498488962,295,.1199
1498489262,295,.1203
1498489562,293.24,.1201
1498489862,290.87,.1201
1498490162,290.32,.1199
1498490462,283.62,.1194
1498490762,283.69,.1169
1498491062,283.37,.1174
1498491362,283.49,.1174
1498491662,282.92,.1175
1498491962,282.92,.1177
1498492262,283.12,.1174
1498492562,284.82,.1179
1498492862,283.12,.1179
1498493162,280.97,.1167
1498493462,280.73,.1162
1498493762,280.88,.1162
1498494062,277.89,.1154
1498494362,270.8,.1134
1498494662,264.5,.1128
1498494961,260.91,.1115
1498495262,260.85,.1117
1498495562,260.54,.1114
1498495862,263.04,.112
1498496162,266.63,.1119
1498496462,269.41,.1133
1498496762,270.96,.1143
1498497062,270.73,.114
1498497362,272.47,.1135
1498497662,271.58,.113
1498497962,264.29,.1138
1498498262,271.98,.1137
1498498562,272.01,.114
1498498862,269.46,.115
1498499162,269.47,.1148
1498499462,267.36,.1147
1498499762,267.35,.1144
1498500062,267.35,.1152
1498500362,266.22,.1148
1498500662,266.21,.1151
1498500962,265.72,.1146
1498501262,273.09,.1158
1498501562,266,.1149
1498501862,265,.1144
1498502162,263.53,.1143
1498502461,265.78,.114
1498502762,260.04,.1129
1498503062,258.21,.1135
1498503362,257.88,.1131
1498503662,257.88,.1122
1498503962,254.29,.1117
1498504262,254.27,.1121
1498504562,250.62,.1124
1498504862,250.61,.112
1498505162,254.58,.1112
1498505462,253.82,.1107
1498505761,253.82,.1109
1498506062,253.81,.1108
1498506362,253.8,.1114
1498506662,250.16,.1122
1498506962,251.67,.1126
1498507262,252.9,.1125
1498507562,252.9,.1129
1498507862,250.03,.1122
1498508162,250,.1118
1498508462,245.19,.1108
1498508762,250.11,.1106
1498509061,253.9,.1111
1498509361,250.07,.1105
1498509662,246.28,.1107
1498509962,258.02,.1099
1498510262,258.51,.112
1498510562,261.35,.1135
