1498348862,351.14,.1382
1498349162,348.89,.1382
1498349462,351.79,.1384
1498349762,347.26,.1384
1498350062,348.86,.1381
1498350361,349.65,.1382
1498350662,349.86,.1384
1498350962,346.59,.1383
1498351262,344.75,.1377
1498351562,345.49,.1378
1498351862,346.46,.1378
1498352162,346.23,.1376
1498352462,345.07,.1374
1498352762,345.44,.1373
1498353062,345.12,.1369
1498353362,344.11,.1368
1498353662,343.42,.1364
1498353962,340.18,.1366
1498354262,338.42,.1373
1498354562,338.91,.1367
1498354862,339.48,.1371
1498355162,339.37,.1369
1498355462,339.33,.1368
1498355762,341.37,.1364
1498356062,341.81,.137
1498356362,344.88,.1374
1498356662,345.11,.1374
1498356962,344.28,.1369
1498357262,342.38,.1368
1498357562,341.91,.1367
1498357862,342.03,.1366
1498358162,340.33,.1365
1498358462,340.65,.1366
1498358762,339.1,.137
1498359063,345.07,.1369
1498359362,345.79,.1373
1498359662,346.24,.1375
1498359962,346.42,.1377
1498360262,345.97,.1375
1498360562,345.94,.1375
1498360862,346.11,.1373
1498361162,345.59,.1374
1498361462,344.86,.1379
1498361762,345.16,.137
1498362062,343.97,.137
1498362362,340.81,.1368
1498362662,341.4,.1367
1498362962,341.52,.1365
