1498521662,295.92,.1238
1498521962,299.27,.1249
1498522262,299.31,.1243
1498522562,295.89,.124
1498522862,295.48,.1226
1498523162,289.42,.1218
1498523462,289.37,.1215
1498523762,289.32,.1217
1498524062,296.26,.1221
1498524362,296.3,.1222
1498524662,294.09,.1226
1498524962,292.75,.1222
1498525262,296.06,.1222
1498525562,293.88,.1223
1498525862,294.09,.1222
1498526162,292.92,.122
1498526462,297.36,.1225
1498526762,293.1,.1228
1498527062,296.71,.1223
1498527362,296.74,.1226
1498527662,296.97,.1235
1498527962,297.91,.1229
1498528262,297.99,.1234
1498528562,297.26,.1231
1498528862,300.25,.1228
1498529162,300.46,.1231
1498529462,299.64,.1231
1498529762,301.3,.1231
1498530062,305.68,.1231
1498530362,301.32,.1229
1498530662,301.67,.1242
1498530962,305.63,.1249
1498531262,306.91,.1262
1498531562,309.9,.1264
1498531861,312.93,.1269
1498532162,316.29,.1269
1498532462,310.38,.1269
1498532762,310.46,.1267
1498533062,310.26,.127
1498533362,317.53,.1275
1498533662,315.56,.1281
1498533962,317.87,.13
1498534262,318.69,.1298
1498534562,321.78,.1303
1498534862,338,.1304
1498535162,321.62,.131
1498535462,327.33,.131
1498535762,321.84,.1316
1498536062,322.47,.1325
1498536362,325.16,.1346
1498536662,330.58,.1349
1498536962,330.25,.1339
1498537262,321.93,.1322
1498537562,319.98,.132
1498537862,315.81,.1315
1498538162,324.6,.1322
1498538462,316.07,.1319
1498538762,317.85,.1321
1498539062,320.79,.1343
1498539362,329.24,.1344
