1498780862,312.76,.1264
1498781162,313.06,.1262
1498781462,311.9,.1257
1498781762,314.36,.1255
1498782062,314.29,.1259
1498782362,315.26,.1259
1498782662,315.11,.1258
1498782962,315.32,.126
1498783262,314.13,.126
1498783562,314.92,.126
1498783862,313.43,.1253
1498784162,313.82,.1254
1498784462,314.59,.1257
1498784762,316.37,.1259
1498785062,315.22,.1257
1498785362,313.81,.1257
1498785662,314.11,.1257
1498785962,313.78,.1257
1498786262,314.2,.1252
1498786562,312.29,.1253
1498786862,312.99,.1246
1498787162,311.97,.1247
1498787462,311.94,.1246
1498787762,311.48,.1248
