1498176062,379.23,.1415
1498176362,379.72,.1415
1498176662,379.95,.142
1498176962,380.87,.1424
1498177262,380.67,.1423
1498177562,380.58,.1415
1498177862,380.53,.1412
1498178161,379.83,.1406
1498178462,379.56,.1404
1498178762,379.37,.141
1498179062,378.33,.1406
1498179362,377.2,.1402
1498179662,378.15,.1415
1498179962,380.51,.1405
1498180262,378.5,.1402
1498180562,378.43,.1405
1498180862,376.03,.1404
1498181162,376.05,.1405
1498181462,376.05,.1403
1498181762,377.7,.1402
1498182062,377.7,.1405
1498182362,380,.1404
1498182662,380,.1401
1498182962,380,.1401
