1498262462,374.66,.1403
1498262762,381.47,.1403
1498263062,374.53,.1404
1498263362,384.13,.1403
1498263662,384.77,.1404
1498263962,383.87,.1401
1498264262,382.14,.1406
1498264562,382.43,.141
1498264862,381.69,.1408
1498265162,381.22,.141
1498265462,378.56,.1408
1498265762,383.51,.1408
1498266062,383.62,.1403
1498266362,378.9,.1403
1498266662,377.3,.1404
1498266962,378.24,.1405
1498267262,378.29,.1402
1498267562,385.16,.1405
1498267862,382.99,.1404
1498268162,386.98,.1404
1498268462,385.14,.1402
1498268762,382.89,.1401
1498269062,384.04,.1401
1498269362,382.49,.14
