1498953661,275.39,.1164
1498953962,276.35,.1172
1498954262,276.08,.1174
1498954562,276.2,.1175
1498954862,276.44,.1169
1498955162,272.94,.1167
1498955462,271.84,.1163
1498955762,273.04,.1166
1498956061,273.13,.1165
1498956362,272.2,.1166
1498956662,271.41,.1165
1498956962,271.13,.1164
1498957262,272.74,.1164
1498957562,273.12,.117
1498957862,272.22,.1169
1498958162,272.2,.1168
1498958462,271.68,.1166
1498958762,272.88,.1165
1498959062,272.15,.1166
1498959362,270.99,.1162
1498959662,272.31,.1167
1498959962,271.87,.1149
1498960262,271.32,.1153
1498960562,271.34,.1151
1498960862,271.38,.1149
