1499487662,242.66,.09744
1499487962,243.14,.09762
1499488262,243.16,.09729
1499488562,241.69,.09744
1499488861,241.4,.09784
1499489161,241.57,.09781
1499489462,242.79,.09863
1499489762,243.64,.09867
1499490061,244.92,.09865
1499490362,246.85,.0987
1499490662,246.82,.09889
1499490962,245.66,.0987
1499491262,244.64,.09839
1499491562,245.19,.0987
1499491862,245.13,.09885
1499492162,244.77,.0985
1499492462,243.92,.09836
1499492762,243.92,.09818
1499493062,243.8,.09846
1499493362,244.15,.09832
1499493662,245.45,.09832
1499493962,244.66,.09821
1499494262,243.58,.09812
1499494562,243.74,.0979
1499494862,241.19,.09795
1499495162,243.2,.0979
1499495462,239.99,.09773
1499495762,239.86,.09774
1499496061,239.6,.09772
1499496362,239.96,.09747
1499496662,240.08,.09753
1499496962,240.11,.09769
1499497261,240.37,.09779
1499497562,240.15,.09751
1499497862,240.18,.09756
1499498162,240.36,.09791
1499498462,241.58,.09797
1499498762,240.19,.09794
1499499061,240.78,.09776
1499499362,241.17,.09756
1499499662,241.02,.09756
1499499962,242.07,.09753
1499500262,243.13,.09793
1499500562,241.52,.09793
1499500861,241.92,.09785
1499501161,241.77,.09787
1499501462,241.76,.09799
1499501762,242.46,.09805
1499502062,241.88,.0981
1499502362,242.38,.09826
1499502662,242.51,.09792
1499502962,242.55,.0977
1499503262,242.36,.09828
1499503562,241.69,.09808
1499503862,241.72,.098
1499504162,241.96,.09791
1499504462,242.31,.09778
1499504762,242.1,.09763
1499505062,242.1,.09755
1499505362,241.69,.09758
1499505662,241.9,.09747
1499505962,242.21,.09723
1499506262,241.92,.09723
1499506562,242,.09709
1499506862,240.77,.09717
1499507162,240.3,.09702
1499507462,240.24,.09701
1499507762,240.32,.09701
1499508062,240.27,.09698
1499508362,240.46,.0968
1499508662,240.46,.09649
1499508962,239.47,.0963
1499509262,239.11,.09637
