1499558462,250.61,.09912
1499558762,250.5,.09942
1499559062,252.75,.09936
1499559362,253.06,.09909
1499559662,253.53,.09909
1499559962,254.11,.09905
1499560262,253.95,.0994
1499560562,252.32,.09928
1499560862,253.21,.09923
1499561162,253.19,.09926
1499561462,253.24,.09927
1499561762,253.27,.09945
1499562062,253.27,.09955
1499562362,253.83,.09956
1499562662,254.86,.09932
1499562962,253.98,.09942
1499563262,254.75,.09932
1499563562,254.75,.09947
1499563862,253.81,.1003
1499564162,253.7,.09999
1499564462,254.02,.09974
1499564762,254.01,.09968
1499565062,254.79,.09972
1499565362,254.78,.1
1499565662,254.89,.1001
1499565962,255.08,.1007
1499566262,255.26,.1003
1499566562,255.74,.1005
1499566862,254.54,.1007
1499567162,255.26,.1002
1499567462,255.22,.1001
1499567762,255.67,.1001
1499568062,254.48,.1
1499568362,255.1,.1001
1499568662,255.33,.1004
1499568962,255.33,.1006
1499569262,256.65,.1009
1499569562,260.06,.1015
1499569862,261.43,.1022
1499570162,261.24,.1022
1499570462,261.91,.1025
1499570762,261,.1023
1499571062,262.78,.1018
1499571362,262.72,.1019
1499571662,262.7,.1019
1499571962,260.63,.1018
1499572262,259.98,.1019
1499572562,259.65,.1018
1499572862,260.26,.1019
1499573162,260.13,.1019
1499573462,260.25,.1022
1499573762,260.82,.1022
1499574062,260.59,.1023
1499574362,261.12,.1027
1499574662,260.58,.1023
1499574962,260.53,.1023
1499575262,260.59,.1025
1499575562,261.46,.1026
1499575864,261.7,.1025
1499576162,261.91,.1025
1499576462,262.5,.1028
1499576762,262.18,.1027
1499577062,262.18,.1027
1499577362,261.53,.1024
1499577662,260.53,.1023
1499577962,260.37,.1023
1499578262,260.28,.1026
1499578562,260.07,.102
1499578862,259.71,.1022
1499579162,260.15,.1025
1499579462,260.23,.1022
1499579762,260.59,.1023
1499580062,261.61,.1026
1499580362,260.96,.1025
1499580662,260.97,.1027
1499580962,259.77,.1026
1499581262,260.69,.1027
1499581562,258.73,.1026
1499581862,258.73,.1028
1499582162,259.06,.1029
1499582462,259.88,.1031
1499582762,259.42,.1033
1499583062,259.63,.1031
1499583362,259.76,.1031
1499583662,259.74,.1031
1499583962,259.13,.1031
1499584262,260.56,.1031
1499584562,261,.1031
1499584862,260.55,.1036
1499585162,260.51,.1037
1499585462,259.94,.1032
1499585762,260,.1031
1499586061,261.88,.1032
1499586362,261.69,.1034
1499586662,261.72,.1034
1499586962,262,.1033
1499587261,261.79,.1032
1499587561,262.06,.103
1499587862,261.25,.1026
1499588162,260.39,.1025
1499588462,261.11,.1031
1499588762,259.33,.1026
1499589062,260.32,.1022
1499589362,259.34,.102
1499589662,258.12,.102
1499589962,257.51,.1019
1499590262,259.83,.1021
1499590562,258.93,.1016
1499590862,256.88,.1017
1499591162,256.93,.1013
1499591462,256.84,.1009
1499591761,257.75,.1004
1499592061,254.86,.1001
1499592362,254.98,.1
1499592662,254.98,.1001
1499592962,255.18,.1001
1499593262,254.94,.1005
1499593562,255.31,.1002
1499593861,255,.1001
1499594161,255.27,.1001
1499594462,254.9,.1
1499594762,254.84,.1001
1499595062,254.62,.1001
1499595362,254.61,.1001
1499595662,254.6,.1
1499595962,254.67,.09992
1499596262,254.91,.09984
1499596562,254.95,.09984
1499596861,254.37,.09973
1499597162,255.15,.09979
1499597462,255.15,.09996
1499597762,253.11,.0998
1499598062,254.13,.09996
1499598362,254.38,.09995
1499598662,254.33,.09984
1499598962,253.89,.09979
1499599262,254.86,.09988
1499599562,254.82,.09991
1499599862,254.87,.09991
1499600161,254.09,.09994
1499600462,255.29,.09979
1499600762,255.3,.09983
1499601062,255.07,.09995
1499601362,255.09,.09996
1499601662,254.54,.09995
1499601962,254.09,.09995
1499602262,254.26,.09977
1499602562,255.54,.09963
1499602862,255.54,.09958
1499603162,254.46,.0994
1499603462,254.1,.09946
1499603762,253.95,.09936
1499604062,253.53,.09933
1499604362,253.11,.09953
1499604662,252.07,.09985
1499604962,252.46,.09986
1499605261,254.9,.09988
1499605561,255.77,.09976
1499605862,254.53,.09996
1499606162,254.28,.09992
1499606462,253.61,.09988
1499606762,253.18,.09987
1499607062,252.39,.09992
1499607362,252.47,.09993
1499607662,253.06,.09984
1499607962,252.58,.09952
1499608262,254.38,.09944
1499608562,254.6,.09954
1499608862,252.55,.09932
1499609162,251.95,.09859
1499609462,251.14,.09869
1499609762,252.19,.0989
1499610062,251.89,.09868
1499610362,249.61,.09855
1499610662,247.98,.09818
1499610962,249.99,.09817
1499611262,249.47,.09799
1499611562,250.06,.09803
1499611862,250.13,.09797
1499612162,248.54,.09797
1499612462,249.4,.09872
1499612761,249.99,.0991
1499613061,251.13,.09925
1499613362,251.15,.09941
1499613662,251.13,.09937
1499613962,250.95,.09933
1499614262,251.24,.09929
1499614561,251.33,.09912
1499614862,251.36,.09853
1499615162,250.87,.09804
1499615462,250.75,.09835
1499615762,250.86,.0983
1499616061,251.12,.09828
1499616361,251.23,.09836
1499616662,251.31,.09861
1499616962,251.1,.09852
1499617262,251.12,.09877
1499617562,250.96,.09858
1499617862,251.01,.09869
1499618163,251.1,.09852
1499618462,251.16,.09851
1499618762,249.51,.09848
1499619062,251.04,.09841
1499619362,249.55,.09822
1499619662,249.65,.09814
1499619962,250.47,.09795
1499620262,250.58,.09803
1499620562,250.08,.09798
1499620862,249.71,.09796
1499621162,249.17,.09819
1499621462,249.28,.09817
1499621762,248.92,.09767
1499622062,249.18,.09781
1499622362,248.39,.09793
1499622662,247.84,.09727
1499622962,247.78,.09732
1499623262,247.78,.09732
1499623562,246.08,.09739
1499623862,246.08,.09709
1499624162,247.68,.09702
1499624462,245.84,.09723
1499624762,246.9,.09712
1499625062,245.34,.09702
1499625362,245.4,.09703
1499625662,247.47,.09716
1499625962,247.05,.09697
1499626262,245.96,.09705
1499626562,246.26,.09694
1499626862,245.53,.0969
1499627162,246.21,.09691
1499627462,245.49,.09698
1499627762,245.45,.09685
1499628062,245.41,.09704
1499628362,245.41,.09688
1499628662,245.43,.09687
1499628962,245.03,.09692
1499629262,245.27,.09698
1499629562,245.26,.09708
1499629862,245.28,.09712
1499630161,245.69,.09713
1499630462,245.67,.09703
1499630762,245.43,.09699
1499631062,245.05,.09713
1499631361,246.03,.09714
1499631661,245.91,.097
1499631962,247.85,.09714
1499632262,247.48,.097
1499633162,247.36,.09722
1499633462,244.64,.09697
1499633762,246.71,.09698
1499634062,244.32,.09719
1499634362,245.1,.09707
1499634662,245.16,.09718
1499634962,244.77,.09718
1499635262,244.8,.09723
1499635562,244.51,.09761
1499635862,245.16,.09756
1499636162,244.89,.09766
1499636462,245.28,.09765
1499636761,246.85,.09748
1499637062,245.11,.09748
1499637362,244.55,.09748
1499637661,244.68,.09763
1499637961,244.61,.0976
1499638262,245.6,.09739
1499638562,244.47,.09731
1499638862,244.85,.09732
1499639162,245.67,.09748
1499639462,244.71,.09763
1499639762,244.78,.09752
1499640062,244.57,.09732
1499640362,244.57,.09738
1499640662,244.48,.09729
1499640961,244.13,.09716
1499641262,243.3,.09687
1499641562,242.91,.09679
1499641862,242.84,.09675
1499642162,242.89,.09663
1499642462,242.48,.09667
