1499299262,282.23,.1082
1499299562,280.9,.1083
1499299862,282.15,.1082
1499300162,281.85,.1081
1499300462,283.03,.1082
1499300762,280.78,.108
1499301062,282.26,.108
1499301362,281.08,.108
1499301662,280.66,.1078
1499301962,280.59,.1078
1499302262,281.04,.1078
1499302562,281.04,.1077
1499302862,280.26,.1076
1499303162,279.94,.1075
1499303462,277.98,.1072
1499303762,278.76,.1071
1499304062,278.9,.1072
1499304363,279.14,.1074
1499304663,279.57,.1076
1499304962,279.04,.1076
1499305262,280.38,.108
1499305562,280.55,.108
1499305862,280.85,.1082
1499306161,280.8,.1081
1499306462,281.2,.108
1499306762,281.07,.1076
1499307062,279.59,.1075
1499307362,278.86,.1073
1499307662,277.32,.1072
1499307962,277.67,.1074
1499308262,277.6,.1074
1499308562,278.74,.1071
1499308862,279.49,.1072
1499309162,277.33,.1071
1499309462,278,.1069
1499309762,275.39,.1066
1499310062,276.2,.1066
1499310362,273.23,.1067
1499310662,277.6,.1067
1499310962,278.55,.107
1499311262,277.48,.1067
1499311562,277.68,.107
1499311862,278.23,.1067
1499312162,277.34,.1072
1499312462,277.72,.1066
1499312762,273.9,.1066
1499313062,277.02,.1066
1499313362,277.69,.1067
1499313662,277.75,.1069
1499313962,278.83,.1064
1499314262,278.75,.1065
1499314562,278.32,.1064
1499314861,277.02,.1064
1499315162,277.02,.1064
1499315462,275.69,.1064
1499315762,274.59,.1063
1499316061,274.57,.1062
1499316361,274.84,.1063
1499316662,274.81,.1071
1499316962,275.64,.1066
1499317262,274.8,.1066
