1499212862,280.02,.1081
1499213162,278.75,.1078
1499213462,277.76,.1077
1499213762,277.78,.1082
1499214062,278.02,.1078
1499214361,278.27,.1072
1499214662,274.78,.1073
1499214962,276.14,.1072
1499215262,276.21,.1081
1499215562,277.51,.1081
1499215862,277.61,.1075
1499216162,275.85,.1079
1499216462,276.45,.1079
1499216762,276.39,.1082
1499217062,276.06,.1075
1499217362,275.58,.1078
1499217662,277.29,.1079
1499217962,277.86,.1079
1499218263,275.73,.1079
1499218562,277.9,.1078
1499218862,276.24,.1076
1499219162,275.73,.1079
1499219462,275.8,.1082
1499219762,275.8,.1086
1499220062,276.37,.1085
1499220362,276.38,.1085
1499220662,276.49,.1085
1499220962,275.51,.1081
1499221262,275.77,.1083
1499221562,275.5,.1083
1499221862,276.55,.1085
1499222162,274.95,.1086
1499222462,276.02,.1089
1499222762,275.95,.109
1499223062,275.97,.1093
1499223362,276.62,.1089
1499223662,275.79,.1085
