1499644862,240.45,.09676
1499645162,240.74,.09673
1499645462,240.3,.09667
1499645762,241.59,.09646
1499646062,240.89,.09645
1499646362,240.84,.09647
1499646662,240.42,.09659
1499646962,240.54,.09615
1499647262,239.89,.09644
1499647562,239.65,.09659
1499647862,239.56,.09662
1499648162,239.58,.09665
1499648462,239.6,.09607
1499648762,238.49,.09587
1499649062,240.01,.09614
1499649362,240.01,.09601
1499649662,240.9,.09622
1499649962,240.74,.09608
1499650262,239.81,.09578
1499650562,238.46,.09592
1499650862,239.79,.09586
1499651162,238.84,.09585
1499651462,238.5,.09585
1499651762,239.33,.09582
1499652062,239.13,.0959
1499652362,239.04,.09575
1499652662,238.86,.09577
1499652962,239.37,.09581
1499653262,239.39,.09579
