1499126462,287.95,.1139
1499126762,288.54,.114
1499127062,288.69,.1139
1499127362,289.46,.1139
1499127662,288.42,.1131
1499127962,288.52,.1131
1499128262,286.8,.1132
1499128562,287.82,.1132
1499128862,287.17,.1131
1499129162,289.35,.1141
1499129462,292.47,.1139
1499129762,292.75,.1142
1499130063,291.2,.1148
1499130362,293.42,.1147
1499130662,294.85,.1148
1499130962,294.61,.1147
1499131262,294.81,.1146
1499131562,293.5,.1145
1499131862,294.38,.1143
1499132162,294.43,.1143
1499132462,294.5,.1143
1499132762,296.02,.1145
1499133062,296.15,.1144
1499133362,294.68,.1147
1499133662,294.96,.1146
