1499385662,284.67,.1101
1499385962,285.69,.1101
1499386262,284.2,.1099
1499386562,285.84,.11
1499386862,286.17,.11
1499387162,287.76,.1107
1499387462,287.23,.1108
1499387762,288.52,.1111
1499388062,287.17,.1111
1499388362,286.98,.1112
1499388662,287.48,.1113
1499388962,287.83,.111
1499389262,288.3,.111
1499389562,287.51,.1108
1499389861,288.12,.1106
1499390161,290.08,.1108
1499390462,285.59,.111
1499390762,285.97,.1108
1499391062,287.78,.1112
1499391362,287.66,.111
1499391662,285.87,.1113
1499391962,285.87,.1113
1499392262,288.29,.1118
1499392562,288.18,.1113
1499392862,287.11,.1113
1499393162,287.94,.1113
1499393462,287.99,.1112
1499393762,286.95,.1112
1499394062,286.81,.1115
1499394362,286.03,.1113
1499394662,285.95,.1113
1499394961,285.7,.1112
1499395262,285.91,.111
1499395562,285.7,.1113
1499395862,286.33,.1111
1499396162,286.11,.1113
1499396462,285.31,.111
1499396762,284.21,.111
1499397062,283.76,.1109
1499397362,283.63,.1109
1499397662,284.1,.111
1499397962,284.19,.111
1499398262,283.58,.1109
1499398562,283.1,.1102
1499398862,283.26,.11
1499399162,283.31,.11
1499399462,282.5,.11
1499399762,282.62,.11
1499400062,279.84,.11
1499400362,279.99,.1099
1499400662,281.73,.1098
1499400962,282.76,.1102
1499401262,281.33,.1101
1499401562,281.18,.1101
1499401862,280.98,.1098
1499402162,282.88,.1104
1499402462,281.07,.1098
1499402762,281.13,.1097
1499403062,281,.1096
1499403362,280.91,.1096
1499403662,281.35,.1096
