1499040061,293.63,.1185
1499040362,292.17,.1186
1499040662,292.68,.1185
1499040962,294.78,.1187
1499041262,291.8,.1175
1499041562,290.2,.1174
1499041862,289.95,.1173
1499042162,285.71,.117
1499042462,284.09,.1165
1499042761,286.43,.1164
1499043061,285.19,.1162
1499043362,284.33,.1163
1499043662,283.7,.1159
1499043962,283.71,.1157
1499044262,280.82,.116
1499044561,283.61,.1163
1499044862,285.62,.1159
1499045162,284.75,.1161
1499045462,284.2,.1159
1499045762,281.89,.1153
1499046062,283.52,.1154
1499046362,283.42,.1156
1499046662,283.72,.1154
1499046962,282.99,.1151
1499047262,283.93,.1152
