1497744063,21.8,.008252
1497744366,21.75,.008248
1497744662,21.41,.008167
1497744962,21.46,.008126
1497745262,20.94,.007919
1497745562,20.94,.008091
1497745861,21.45,.008104
1497746161,21.28,.008116
1497746462,21.05,.008075
1497746762,20.76,.008038
1497747062,20.77,.00794
1497747362,20.68,.007941
1497747661,20.99,.008039
1497747962,21.05,.008098
1497748262,21.55,.008202
1497748562,21.5,.008138
1497748861,21.31,.008129
1497749162,21.5,.008113
1497749462,21.5,.008107
1497749762,21.49,.008053
1497750062,21.31,.008081
1497750362,21.46,.008068
1497750662,21.46,.008063
1497750962,21.45,.008083
