1498089662,19.17,.007267
1498089962,19.17,.007256
1498090262,19.31,.007268
1498090562,19.34,.007284
1498090862,19.34,.00728
1498091162,19.59,.007282
1498091462,19.22,.0073
1498091762,19.58,.007309
1498092062,19.48,.007347
1498092362,19.33,.007363
1498092662,19.33,.007348
1498092962,19.33,.007378
1498093262,19.59,.007372
1498093562,19.59,.007409
1498093862,19.62,.007408
1498094162,19.58,.007416
1498094462,19.58,.007435
1498094762,19.22,.007402
1498095062,19.23,.007381
1498095362,19.23,.00735
1498095662,19.23,.007361
1498095962,19.24,.00735
1498096261,19.24,.007327
1498096562,19.24,.007358
1498096862,19.43,.007349
1498097162,19.42,.007324
1498097462,19.42,.007303
1498097762,19.2,.007301
1498098062,19.2,.007306
1498098362,19.41,.00729
1498098662,19.2,.007294
1498098962,19.2,.007294
1498099262,19.35,.007312
1498099562,19.14,.007308
1498099862,19.23,.007321
1498100162,19.14,.007266
1498100462,19.14,.007283
1498100762,19.14,.007283
1498101062,19.14,.007266
1498101362,19.11,.007253
1498101662,19.19,.007246
1498101962,19.35,.007232
1498102262,19.35,.007231
1498102562,19.35,.007213
1498102862,19.02,.007228
1498103162,19,.007238
1498103462,19,.007255
1498103762,19,.007239
