1497916862,21.56,.008304
1497917162,21.55,.008322
1497917462,21.49,.008308
1497917763,21.48,.008292
1497918062,21.56,.008292
1497918362,21.47,.008261
1497918662,21.46,.008234
1497918962,21.44,.008223
1497919263,21.45,.008216
1497919562,21.47,.008213
1497919862,21.47,.00821
1497920162,21.47,.008199
1497920462,21.41,.008218
1497920762,21.45,.008224
1497921062,21.57,.008241
1497921362,21.41,.008253
1497921662,21.47,.008266
1497921962,21.47,.00827
1497922261,21.47,.008226
1497922562,21.25,.008211
1497922862,21.25,.008225
1497923162,21.4,.008212
1497923462,21.4,.008207
1497923762,21.4,.008223
1497924062,21.4,.008184
1497924362,21.45,.008174
1497924662,21.25,.008175
1497924962,21.25,.008177
1497925263,21.25,.008209
1497925562,21.47,.008267
1497925862,21.35,.008233
1497926162,21.35,.008197
1497926462,21.35,.008174
1497926762,21.35,.008174
1497927062,21.25,.008194
1497927362,21.54,.008225
1497927662,21.54,.008261
1497927962,21.54,.00824
1497928262,21.4,.008239
1497928562,21.54,.008212
1497928862,21.36,.008223
1497929162,21.25,.008172
1497929462,21.39,.008181
1497929762,21.39,.008196
1497930062,21.39,.008171
1497930362,21.36,.00819
1497930662,21.25,.008164
1497930962,21.2,.008117
1497931262,21.13,.008164
1497931562,21.13,.008177
1497931862,21.13,.008155
1497932162,21.23,.00816
1497932462,21.16,.008149
1497932762,21.17,.008158
1497933062,21.23,.00814
1497933362,21.37,.008199
1497933662,21.55,.008299
1497933962,21.55,.008286
1497934262,21.55,.008303
1497934562,21.56,.008298
1497934862,21.58,.008302
1497935162,21.51,.00827
1497935462,21.51,.008258
1497935762,21.58,.008262
1497936062,21.58,.008256
1497936362,21.48,.008245
1497936662,21.48,.008246
1497936962,21.48,.008261
1497937262,21.38,.008234
1497937562,21.48,.008242
1497937862,21.48,.008243
1497938162,21.48,.008245
1497938462,21.35,.008221
1497938762,21.35,.008222
1497939062,21.31,.0082
1497939361,21.4,.008199
1497939662,21.4,.008207
1497939962,21.23,.008205
1497940262,21.21,.008185
1497940562,21.22,.008177
1497940862,21.22,.00819
1497941162,21.22,.008176
1497941462,21.02,.008194
1497941762,21,.008196
1497942062,21.3,.0082
1497942362,21.3,.008206
1497942662,21.3,.008198
1497942961,21.3,.008204
1497943262,21.3,.008158
1497943562,21.15,.008143
1497943862,21.28,.008113
1497944162,21.28,.008108
1497944461,21.03,.008121
1497944762,21.2,.008105
1497945062,21.2,.008113
1497945362,21.19,.008117
1497945662,21.14,.008109
1497945962,21.14,.008104
1497946262,21.14,.008093
1497946562,21.2,.008106
1497946862,21.14,.008094
1497947162,21.14,.008105
1497947462,21.2,.00812
1497947762,21.23,.008133
1497948062,21.23,.008143
1497948362,21.13,.00813
1497948662,21.13,.008131
1497948962,21.24,.008154
1497949262,21.23,.008172
1497949562,21.23,.008183
1497949862,21.13,.008187
1497950162,21.08,.008201
1497950462,21.09,.008201
1497950762,21.18,.008204
1497951062,21.1,.008188
1497951363,21.26,.008162
1497951662,21.36,.008183
1497951962,21.22,.008169
1497952262,21.15,.008168
1497952562,21.26,.00817
1497952862,21.15,.008203
1497953162,21.15,.008194
1497953462,21.15,.008195
1497953762,21.26,.008194
1497954062,21.26,.008197
1497954362,21,.008192
1497954662,21,.008202
1497954962,21,.008195
1497955262,21,.008203
1497955562,21.2,.008215
1497955862,21.15,.008211
1497956162,21.32,.008199
1497956462,21.15,.008187
1497956762,21.15,.008139
1497957062,21.15,.008159
1497957362,21.2,.008135
1497957662,21.03,.008145
1497957962,21.2,.008106
1497958262,21.2,.008115
1497958561,21.2,.008115
1497958862,21.15,.008098
1497959162,21.15,.008076
1497959463,21,.00806
1497959762,21,.00809
1497960062,21,.008077
1497960362,21.1,.00808
1497960662,21.11,.008051
1497960962,20.95,.008052
1497961262,21,.008058
1497961562,21,.008076
1497961862,21,.008054
1497962162,21.1,.008054
1497962461,21.1,.008039
1497962761,21.1,.00802
1497963062,21.1,.008023
1497963362,21.1,.008028
1497963662,21.1,.008048
1497963962,21,.008086
1497964262,21,.00809
1497964562,21,.00808
1497964862,21.09,.008053
1497965162,21.25,.008057
1497965462,21.23,.008059
1497965762,21.24,.008067
1497966062,21.24,.008071
1497966362,21.24,.008073
1497966662,21.09,.008057
1497966962,21.09,.008081
1497967262,21.28,.008052
1497967562,21.28,.008046
1497967862,21.18,.00805
1497968162,21.28,.008041
1497968462,21.18,.008015
1497968762,21.12,.008007
1497969062,21.28,.008001
1497969362,21.1,.007994
1497969662,21.24,.007972
1497969962,21.01,.007942
1497970261,21,.007913
1497970561,21.1,.00792
