1498003262,20.52,.007641
1498003562,20.52,.007661
1498003862,20.73,.00773
1498004162,20.8,.007676
1498004461,20.68,.007684
1498004762,20.56,.007648
1498005062,20.56,.007663
1498005362,20.75,.007649
1498005662,20.79,.007634
1498005962,20.67,.00764
1498006262,20.67,.007638
1498006562,20.79,.00764
1498006862,20.84,.007694
1498007162,20.79,.007722
1498007462,20.79,.007743
1498007762,20.99,.007743
1498008061,20.87,.00774
1498008362,20.81,.007727
1498008662,20.73,.007648
1498008962,20.64,.007635
1498009262,20.7,.00763
1498009562,20.53,.007632
1498009862,20.7,.007601
1498010162,20.7,.007607
1498010462,20.56,.007621
1498010762,20.57,.007621
1498011062,20.57,.007618
1498011362,20.57,.007621
1498011662,20.69,.007606
1498011962,20.56,.007595
1498012262,20.67,.007617
1498012562,20.69,.007623
1498012862,20.69,.007607
1498013162,20.69,.007587
1498013462,20.79,.007623
1498013762,20.58,.007624
