1497830462,20.27,.008032
1497830762,20.13,.008048
1497831062,20.25,.008025
1497831362,20,.008011
1497831662,20,.008028
1497831962,20,.008011
1497832262,20.29,.00801
1497832562,20.25,.008013
1497832862,20.35,.008059
1497833162,20.26,.00808
1497833462,20.29,.008083
1497833761,20.54,.008127
1497834062,20.59,.008193
1497834362,20.8,.008276
1497834662,20.9,.008273
1497834962,20.68,.008189
1497835262,20.64,.008201
1497835562,20.82,.00822
1497835862,20.82,.008236
1497836162,20.82,.008218
1497836461,20.89,.008184
1497836762,20.56,.00817
1497837062,20.56,.008162
1497837362,20.56,.008148
1497837662,20.28,.008082
1497837962,20.28,.008094
1497838262,20.39,.008108
1497838562,20.4,.008143
1497838862,20.4,.008152
1497839162,20.4,.008161
1497839463,20.4,.00817
1497839762,20.4,.008169
1497840062,20.66,.008152
1497840362,20.66,.008145
1497840662,20.66,.008131
1497840962,20.9,.008139
