1497679535,18.4,.007411
1497679552,18.4,.007411
1497679595,18.35,.007354
1497681152,18.38,.007379
1497681218,18.38,.007385
1497681246,18.38,.007368
1497681324,18.43,.007382
1497681344,18.43,.007382
1497681386,18.43,.007372
1497681406,18.43,.007379
1497681591,18.43,.007361
1497681662,18.43,.007351
1497681962,18.35,.007351
1497682262,18.35,.007325
1497682562,18.34,.007305
1497682862,18.44,.007303
1497683162,18.26,.007325
1497683462,18.26,.007318
1497683762,18.26,.007304
1497684062,18.26,.007317
1497684362,18.26,.007322
1497684662,18.26,.007323
1497684962,18.26,.007305
1497685262,18.32,.007332
1497685562,18.41,.007343
1497685862,18.28,.007371
1497686162,18.32,.007367
1497686462,18.4,.007381
1497686762,18.31,.00735
1497687062,18.31,.007365
1497687362,18.31,.007357
1497687662,18.31,.007337
1497687962,18.39,.007333
1497688262,18.39,.007333
1497688562,18.39,.007324
1497688862,18.28,.007295
1497689162,18.39,.007304
1497689462,18.38,.007317
1497689762,18.36,.007319
1497690062,18.43,.007303
1497690362,18.45,.0073
1497690662,18.49,.007319
1497690962,18.58,.007322
1497691262,18.65,.007319
1497691562,19.02,.007335
1497691862,18.62,.007331
1497692162,19.02,.007332
1497692462,18.69,.007309
1497692762,18.69,.007308
1497693062,18.69,.007327
1497693362,18.88,.007335
1497693662,18.61,.007313
1497693962,18.61,.007338
1497694262,18.57,.007308
1497694562,19.15,.007316
1497694862,19.04,.007335
1497695162,19.04,.00734
1497695462,18.99,.007329
1497695762,18.74,.007308
1497696062,18.98,.007323
1497696362,18.82,.007324
1497696662,18.8,.007292
1497696962,18.8,.007315
1497697262,18.93,.007388
1497697562,18.95,.007403
1497697862,19.06,.007444
1497698162,19.07,.007413
1497698462,19.09,.007377
1497698762,19.05,.007375
1497699062,19,.007399
1497699362,19.22,.007414
1497699662,19,.007393
1497699962,19.04,.007381
1497700262,19.2,.007394
1497700562,19.19,.007383
1497700861,19.19,.007378
1497701162,19.11,.007399
1497701462,19.31,.007429
1497701762,19.1,.007419
1497702062,19.06,.007405
1497702362,19.24,.007418
1497702662,19.02,.007388
1497702962,19,.007405
1497703262,18.9,.007415
1497703562,19.02,.007402
1497703862,19,.007391
1497704162,18.9,.007404
1497704462,18.9,.0074
1497704762,18.9,.007395
1497705062,19.36,.007428
1497705362,19.07,.007426
1497705662,19,.007399
1497705961,19.2,.007405
1497706262,19,.00741
1497706562,19,.007396
1497706862,18.84,.007395
1497707162,18.98,.007383
1497707462,18.9,.007375
1497707762,18.9,.007398
1497708062,18.9,.007356
1497708362,18.79,.00736
1497708662,18.81,.00737
1497708962,18.94,.007346
1497709262,18.8,.007353
1497709562,18.74,.007346
1497709862,18.75,.007336
1497710162,18.72,.007314
1497710462,18.7,.007314
1497710762,18.8,.007314
1497711062,18.8,.007312
1497711362,18.7,.007331
1497711662,18.7,.007339
1497711962,18.73,.007313
1497712262,18.73,.007313
1497712562,18.73,.007331
1497712864,18.71,.00732
1497713162,18.73,.007299
1497713462,18.73,.007322
1497713762,18.67,.007315
1497714062,18.8,.007296
1497714362,18.94,.007266
1497714662,18.9,.00731
1497714961,18.89,.007296
1497715262,18.9,.007282
1497715562,19,.007262
1497715861,18.85,.007242
1497716161,18.79,.007262
1497716462,18.79,.007262
1497716762,18.78,.00726
1497717062,18.88,.007255
1497717362,18.88,.007257
1497717662,18.88,.007261
1497717962,18.94,.007277
1497718262,18.93,.007298
1497718562,18.9,.007301
1497718862,18.9,.007293
1497719162,18.9,.007313
1497719461,18.94,.007354
1497719762,19.26,.007378
1497720062,19.52,.007413
1497720362,19.6,.007406
1497720662,19.5,.007413
1497720962,19.6,.007439
1497721262,19.59,.007423
1497721562,19.6,.007431
1497721862,19.6,.007455
1497722162,19.6,.007467
1497722462,19.63,.007482
1497722762,19.75,.007498
1497723062,19.88,.007549
1497723362,20.2,.007628
1497723662,20.3,.007686
1497723962,20.3,.00764
1497724262,20.3,.007671
1497724562,20.5,.007753
1497724862,20.65,.007729
1497725162,20.36,.007638
1497725462,20.3,.007603
1497725762,20.15,.007602
1497726062,20.3,.0077
1497726362,20.3,.007719
1497726662,20.4,.007692
1497726962,20.4,.007677
1497727262,20.24,.007681
1497727562,20.22,.00764
1497727862,20.19,.007653
1497728162,20.14,.007631
1497728463,20.06,.007614
1497728762,20.14,.007608
1497729062,20.07,.007619
1497729362,20.24,.007631
1497729662,20.08,.007628
1497729962,20.24,.007646
1497730261,20.4,.007684
1497730561,20.4,.00769
1497730862,20.4,.007696
1497731162,20.37,.007705
1497731462,20.3,.007709
1497731762,20.5,.007696
1497732062,20.41,.007702
1497732362,20.29,.007706
1497732662,20.29,.007704
1497732962,20.39,.007705
