1498435262,18.48,.007448
1498435562,18.54,.007487
1498435862,18.47,.007511
1498436162,18.39,.007432
1498436462,18.26,.007396
1498436762,18.45,.007411
1498437062,18.37,.007438
1498437362,18.26,.007456
1498437662,18.57,.007493
1498437962,18.57,.007503
1498438262,18.61,.0075
1498438562,18.69,.007544
1498438862,18.79,.007553
1498439162,18.7,.007555
1498439462,18.7,.007592
1498439762,18.8,.007589
1498440062,19.03,.007669
1498440362,18.85,.007773
1498440662,19.39,.007802
1498440961,19.33,.007744
1498441262,19.33,.007767
1498441562,19.32,.007699
1498441862,19.31,.007748
1498442162,19.5,.007775
1498442462,19.5,.007795
1498442762,19.68,.007801
1498443062,19.45,.007752
1498443362,19.51,.007787
1498443662,19.51,.007725
1498443962,19.34,.007724
1498444262,19.33,.007726
1498444562,19.22,.007685
1498444861,19.17,.007629
1498445162,19.1,.007615
1498445462,19.07,.007669
1498445762,19.27,.007702
1498446062,19.63,.007694
1498446362,19.23,.007722
1498446662,19.07,.007735
1498446962,19.19,.007705
1498447262,19.19,.007702
1498447562,19.19,.007719
1498447862,19.31,.007701
1498448162,19.23,.007676
1498448462,19.23,.007653
1498448762,19.2,.007665
1498449062,19.2,.007675
1498449362,19.3,.007638
