1498867262,17.2,.007079
1498867562,17.29,.00708
1498867862,17.34,.007088
1498868162,17.11,.007077
1498868462,17.11,.007076
1498868762,17.11,.007069
1498869062,17.11,.007083
1498869362,17.11,.007092
1498869662,17.4,.00706
1498869962,17.4,.007087
1498870262,17.42,.007085
1498870562,17.42,.007097
1498870862,17.43,.007092
1498871162,17.44,.00708
1498871462,17.44,.007099
1498871762,17.24,.007077
1498872061,17.35,.007067
1498872362,17.29,.007076
1498872662,17.29,.007051
1498872962,17.29,.007053
1498873262,17.27,.007061
1498873562,17.11,.007061
1498873862,17.11,.007049
1498874162,17.11,.007041
1498874462,17.13,.007036
1498874762,17.1,.007054
1498875062,17.09,.00704
1498875362,17.06,.007062
1498875662,17.01,.007071
1498875962,17.17,.007045
1498876262,17.02,.007069
1498876562,17.02,.007069
1498876862,17.03,.00705
1498877162,17.03,.007058
1498877462,17.19,.007084
1498877762,17.19,.007059
1498878062,17.19,.007066
1498878361,17.26,.007076
1498878661,17.04,.007065
1498878962,17.04,.007071
1498879262,17.27,.007083
1498879562,17.12,.00706
1498879862,17.12,.007072
1498880162,17.22,.007084
1498880462,17.12,.007079
1498880762,17.27,.00709
1498881062,17.27,.007108
1498881362,17.27,.00711
1498881662,17.27,.007093
1498881962,17.27,.007109
1498882262,17.27,.007109
1498882562,17.27,.007096
1498882862,17.13,.00708
1498883162,17.08,.007091
1498883462,17.08,.007081
1498883762,17.17,.007091
1498884061,17.17,.007081
1498884362,17.17,.00708
1498884662,17.17,.00709
1498884962,17.17,.007073
1498885262,17.14,.007077
1498885562,17.14,.007069
1498885862,17.14,.007075
1498886162,17.14,.00707
1498886462,17.16,.007069
1498886761,17.37,.007061
1498887062,17.17,.007057
1498887362,17.18,.007052
1498887662,17.18,.007041
1498887962,17.2,.007047
1498888262,17.2,.00703
1498888562,17.18,.00704
1498888862,17.14,.007002
1498889162,17.09,.007
1498889462,17.05,.006998
1498889762,17.05,.006993
1498890062,17.13,.006993
1498890362,17.13,.006991
1498890662,17.2,.006978
1498890962,17.2,.006977
1498891262,17.2,.006981
1498891562,17.11,.006959
1498891862,17.03,.006946
1498892162,17.2,.006944
1498892462,17.06,.006928
