1498780862,17.75,.007067
1498781162,17.75,.007087
1498781462,17.77,.007116
1498781762,17.77,.007117
1498782062,17.95,.007132
1498782362,17.95,.007128
1498782662,17.98,.007121
1498782962,17.98,.007148
1498783262,17.98,.007133
1498783562,17.98,.007143
1498783862,17.98,.007127
1498784162,17.98,.007142
1498784462,17.99,.007132
1498784762,18.13,.007131
1498785062,18.13,.007126
1498785362,18.03,.007096
1498785662,18.03,.007093
1498785962,18.03,.007097
1498786262,17.93,.007074
1498786562,18,.007094
1498786862,18.1,.007162
1498787162,18.3,.007213
1498787462,18.31,.007229
1498787762,18.2,.007248
1498788062,18.4,.007307
1498788362,18.38,.007295
1498788662,18.4,.007269
1498788962,18.3,.007293
1498789262,18.32,.007304
1498789562,18.4,.007287
1498789862,18.36,.007298
1498790162,18.49,.007314
1498790462,18.49,.007335
1498790762,18.37,.007348
1498791062,18.48,.007311
1498791362,18.38,.007292
1498791662,18.33,.00723
1498791962,18.25,.00722
1498792262,18.13,.007224
1498792562,18.07,.007215
1498792862,17.86,.007224
1498793162,17.86,.00721
1498793462,18.01,.007202
1498793762,17.95,.007173
1498794062,17.86,.007155
1498794362,17.75,.007123
1498794662,17.7,.007105
1498794962,17.86,.007154
