1498521662,17.47,.007312
1498521962,17.23,.00729
1498522262,17.25,.007288
1498522562,17.25,.00724
1498522862,17.22,.007231
1498523162,17.08,.0072
1498523462,17.08,.007189
1498523762,17.22,.007216
1498524062,17.42,.007202
1498524362,17.33,.007201
1498524662,17.27,.007215
1498524962,17.33,.007196
1498525262,17.32,.007202
1498525562,17.32,.00724
1498525862,17.32,.007218
1498526162,17.32,.007233
1498526462,17.45,.007264
1498526762,17.54,.007284
1498527062,17.44,.007252
1498527362,17.44,.007246
1498527662,17.5,.00723
1498527962,17.58,.007245
1498528262,17.21,.007229
1498528562,17.44,.007243
