1498176062,19.35,.007229
1498176362,19.4,.007242
1498176662,19.4,.007254
1498176962,19.4,.007261
1498177262,19.57,.007268
1498177562,19.3,.007281
1498177862,19.41,.007249
1498178161,19.6,.007246
1498178462,19.49,.007257
1498178762,19.49,.007262
1498179062,19.66,.007254
1498179362,19.62,.007249
1498179662,19.55,.007239
1498179962,19.51,.007221
1498180262,19.51,.007234
1498180562,19.51,.00725
1498180862,19.5,.007231
1498181162,19.6,.007216
1498181462,19.6,.007204
1498181762,19.59,.007179
1498182062,19.42,.007179
1498182362,19.42,.007152
1498182662,19.42,.007146
1498182962,19.33,.007144
1498183262,19.33,.007136
1498183562,19.41,.007134
1498183862,19.5,.007148
1498184162,19.4,.007139
1498184462,19.4,.007136
1498184762,19.31,.007123
1498185062,19.41,.007118
1498185362,19.41,.007118
1498185662,19.41,.007117
1498185962,19.41,.00714
1498186262,19.4,.007147
1498186562,19.4,.007144
1498186862,19.4,.007142
1498187162,19.4,.007139
1498187462,19.4,.00714
1498187762,19.35,.00714
1498188062,19.32,.007143
1498188362,19.32,.007144
1498188662,19.41,.007182
1498188962,19.41,.007171
1498189261,19.42,.007188
1498189562,19.41,.007198
1498189862,19.49,.007196
1498190162,19.41,.007177
1498190462,19.41,.007174
1498190762,19.41,.007191
1498191062,19.41,.007185
1498191362,19.41,.007193
1498191662,19.41,.007202
1498191961,19.41,.007206
1498192262,19.5,.007226
1498192562,19.61,.007229
1498192862,19.61,.00723
1498193162,19.61,.00724
1498193462,19.61,.007246
1498193762,19.62,.007256
