1498348862,18.34,.007219
1498349162,18.33,.007198
1498349462,18.3,.007196
1498349762,18.27,.007181
1498350062,18.2,.007145
1498350361,18.1,.007116
1498350662,18.1,.007104
1498350962,18.02,.007093
1498351262,17.95,.007086
1498351562,17.95,.007097
1498351862,17.86,.007101
1498352162,17.84,.007093
1498352462,17.84,.007089
1498352762,17.83,.007054
1498353062,17.8,.007046
1498353362,17.73,.007035
1498353662,17.58,.007013
1498353962,17.67,.007028
1498354262,17.54,.00706
1498354562,17.55,.007037
1498354862,17.64,.00705
1498355162,17.62,.007102
1498355462,17.73,.007062
1498355762,17.66,.007032
1498356062,17.73,.007019
1498356362,17.74,.00705
1498356662,17.79,.007084
1498356962,17.79,.007091
1498357262,17.79,.007095
1498357562,17.88,.007069
1498357862,17.88,.007099
1498358162,17.95,.007102
1498358462,17.98,.007124
1498358762,17.98,.00713
1498359063,18.01,.007117
1498359362,17.91,.007137
