1498262462,19.65,.007352
1498262762,19.66,.007372
1498263062,19.66,.007344
1498263362,19.66,.007346
1498263662,19.6,.007348
1498263962,19.6,.007348
1498264262,19.7,.007331
1498264562,19.7,.007323
1498264862,19.7,.007323
1498265162,19.7,.007325
1498265462,19.61,.007337
1498265762,19.61,.00732
1498266062,19.61,.007303
1498266362,19.61,.007297
1498266662,19.7,.007313
1498266962,19.7,.00732
1498267262,19.7,.007311
1498267562,19.7,.007313
1498267862,19.7,.007314
1498268162,19.7,.007286
1498268462,19.62,.007311
1498268762,19.62,.00731
1498269062,19.62,.007312
1498269362,19.62,.007307
1498269662,19.62,.007315
1498269962,19.62,.007316
1498270263,19.62,.007302
1498270562,19.62,.007313
1498270862,19.62,.007303
1498271162,19.62,.00729
1498271462,19.63,.00729
1498271762,19.63,.007295
1498272062,19.63,.007292
1498272362,19.63,.007307
1498272662,19.63,.007289
1498272963,19.63,.0073
1498275662,19.56,.007296
1498275963,19.59,.007305
1498276262,19.59,.007308
1498276562,19.6,.007298
1498276862,19.59,.007303
1498277162,19.59,.00732
1498277762,19.6,.007315
1498278362,19.6,.007312
1498278662,19.6,.007311
1498279562,19.51,.00729
1498279861,19.51,.007296
1498280161,19.51,.007297
1498280462,19.51,.007281
1498280762,19.51,.007285
1498281062,19.51,.007277
1498281362,19.6,.007279
1498281662,19.6,.007287
1498281962,19.6,.007277
1498282262,19.6,.007282
1498282562,19.52,.00728
1498282862,19.5,.007274
1498283162,19.5,.007284
1498283462,19.71,.007283
1498283762,19.65,.007283
1498284062,19.65,.007269
1498284362,19.65,.007269
1498284662,19.51,.00728
1498284962,19.51,.007276
1498285262,19.61,.007282
1498285562,19.61,.007271
1498285862,19.61,.007298
1498286162,19.61,.007292
1498286462,19.61,.007295
1498286762,19.61,.00729
1498287062,19.61,.00729
1498287362,19.7,.007272
