1498694462,18.74,.007313
1498694762,18.73,.007331
1498695062,18.85,.007337
1498695362,18.79,.007336
1498695662,18.8,.007338
1498695962,18.7,.007306
1498696262,18.8,.007317
1498696562,18.8,.007308
1498696862,18.8,.007302
1498697162,18.56,.007276
1498697462,18.6,.007263
1498697762,18.6,.007299
1498698062,18.6,.007294
1498698362,18.55,.007276
1498698662,18.6,.007299
1498698962,18.55,.0073
1498699262,18.55,.007282
1498699562,18.7,.00728
1498699862,18.7,.00728
1498700162,18.5,.007277
1498700462,18.69,.007264
1498700762,18.58,.007257
1498701062,18.6,.00727
1498701362,18.72,.007276
