1498608062,18.16,.007175
1498608362,18.16,.00715
1498608662,18.07,.007137
1498608962,18.07,.007142
1498609262,18.03,.00715
1498609562,18,.00715
1498609862,17.87,.007094
1498610162,17.81,.007085
1498610462,17.75,.007082
1498610762,17.93,.007093
1498611062,17.79,.00708
1498611362,17.6,.00704
1498611662,17.53,.007033
1498611962,17.6,.007044
1498612262,17.5,.00702
1498612562,17.61,.007036
1498612862,17.71,.00704
1498613162,17.6,.00705
1498613462,17.74,.007046
1498613762,17.45,.007028
1498614062,17.4,.007001
1498614362,17.4,.006993
1498614662,17.4,.007006
1498614962,17.46,.007008
