1498953661,16.5,.006893
1498953962,16.37,.006899
1498954262,16.5,.006899
1498954562,16.24,.006864
1498954862,16.24,.006867
1498955162,16.24,.006835
1498955462,16.24,.006853
1498955762,16.24,.006869
1498956061,16.24,.006871
1498956362,16.24,.006876
1498956662,16.24,.00683
1498956962,16.24,.006836
1498957262,16.12,.006815
1498957562,16.12,.006838
1498957862,16.08,.00682
1498958162,16.08,.006817
1498958462,16.08,.006809
1498958762,16.08,.006808
1498959062,16.08,.006833
1498959362,16.08,.006853
1498959662,16.4,.006865
1498959962,16.4,.006864
1498960262,16.4,.006853
1498960562,16.4,.006859
1498960862,16.35,.006852
