1499126462,17.19,.006783
1499126762,17.16,.006768
1499127062,17.16,.006768
1499127362,17.24,.006759
1499127662,17.24,.006777
1499127962,17.24,.006757
1499128262,17.24,.00676
1499128562,17.21,.006767
1499128862,17.3,.006752
1499129162,17.3,.006751
1499129462,17.35,.006758
1499129762,17.35,.00676
1499130063,17.35,.006749
1499130362,17.27,.006751
1499130662,17.35,.006742
1499130962,17.34,.006742
1499131262,17.27,.006736
1499131562,17.27,.006746
1499131862,17.35,.006744
1499132162,17.27,.006767
1499132462,17.27,.00676
1499132762,17.27,.006763
1499133062,17.4,.006767
1499133362,17.4,.006761
1499133662,17.4,.006771
1499133962,17.4,.006772
1499134262,17.43,.006757
1499134562,17.43,.006762
1499134862,17.45,.006763
1499135162,17.45,.006777
1499135462,17.5,.006789
1499135762,17.5,.006806
1499136061,17.5,.0068
1499136362,17.5,.006775
1499136662,17.6,.00679
1499136962,17.65,.006804
1499137262,17.65,.006785
1499137562,17.7,.006771
1499137862,17.6,.006776
1499138162,17.62,.006753
1499138462,17.62,.006762
1499138762,17.65,.006752
1499139062,17.56,.006705
1499139362,17.59,.0067
1499139662,17.59,.006701
1499139962,17.56,.006701
1499140262,17.55,.006703
1499140562,17.64,.006733
1499140862,17.53,.006757
