1499644862,15.56,.006264
1499645162,15.72,.00629
1499645462,15.79,.006262
1499645762,15.79,.006269
1499646062,15.74,.006269
1499646362,15.74,.00627
1499646662,15.74,.006275
1499646962,15.6,.006249
1499647262,15.6,.006263
1499647562,15.5,.006221
1499647862,15.5,.006231
1499648162,15.5,.006229
1499648462,15.51,.006232
1499648762,15.51,.006209
1499649062,15.5,.006224
1499649362,15.5,.006229
1499649662,15.61,.006225
1499649962,15.5,.006219
1499650262,15.5,.006229
1499650562,15.5,.006204
1499650862,15.5,.006193
1499651162,15.5,.006189
1499651462,15.5,.006212
1499651762,15.51,.006224
1499652062,15.68,.006224
1499652362,15.68,.006226
1499652662,15.68,.006242
1499652962,15.68,.006216
1499653262,15.72,.006251
