1499040061,17.36,.006956
1499040362,17.35,.006963
1499040662,17.35,.006951
1499040962,17.3,.006946
1499041262,17.4,.006946
1499041562,17.3,.006934
1499041862,17.3,.006933
1499042162,17.24,.006919
1499042462,17.22,.006935
1499042761,17.22,.006934
1499043061,17.15,.006904
1499043362,17.15,.006905
1499043662,17.14,.006907
1499043962,17.14,.006907
1499044262,17.11,.006891
1499044561,17.1,.006887
1499044862,17.1,.006867
1499045162,17.09,.006865
1499045462,17.09,.006857
1499045762,17.09,.006873
1499046062,17.09,.006878
1499046362,17.12,.006886
1499046662,17.14,.006896
1499046962,17.14,.00686
1499047262,17.14,.006868
