1499385662,17.56,.006715
1499385962,17.56,.006719
1499386262,17.56,.006717
1499386562,17.56,.006711
1499386862,17.56,.006723
1499387162,17.58,.006714
1499387462,17.57,.006748
1499387762,17.63,.006777
1499388062,17.7,.006769
1499388362,17.64,.006778
1499388662,17.7,.006781
1499388962,17.7,.006782
1499389262,17.58,.006768
1499389562,17.58,.00678
1499389861,17.58,.006791
1499390161,17.58,.006804
1499390462,17.58,.006796
1499390762,17.58,.006795
1499391062,17.58,.006792
1499391362,17.7,.006804
1499391662,17.7,.006793
1499391962,17.7,.00677
1499392262,17.68,.006779
1499392562,17.68,.006781
1499392862,17.68,.006748
