1499487662,15.78,.006279
1499487962,15.78,.00627
1499488262,15.76,.0063
1499488562,15.76,.006287
1499488861,15.76,.006315
1499489161,15.86,.006319
1499489462,15.89,.006325
1499489762,15.97,.006327
1499490061,15.97,.006341
1499490362,16.02,.006322
1499490662,16.02,.006352
1499490962,16.02,.006357
1499491262,16.02,.006345
1499491562,16,.006318
1499491862,15.73,.006329
1499492162,15.73,.006326
1499492462,15.73,.006299
1499492762,15.7,.006299
1499493062,15.7,.00631
1499493362,15.7,.006302
1499493662,15.89,.006281
1499493962,15.7,.00628
1499494262,15.7,.006257
1499494562,15.66,.006266
1499494862,15.62,.00623
