1499558462,16.28,.006401
1499558762,16.37,.006404
1499559062,16.35,.006402
1499559362,16.44,.006418
1499559662,16.45,.006458
1499559962,16.5,.006478
1499560262,16.5,.006504
1499560562,16.5,.0065
1499560862,16.51,.00651
1499561162,16.58,.00654
1499561462,16.59,.006525
1499561762,16.61,.006505
1499562062,16.59,.006506
1499562362,16.59,.006505
1499562662,16.66,.006512
1499562962,16.59,.006471
1499563262,16.51,.006476
1499563562,16.51,.006473
1499563862,16.51,.006465
1499564162,16.45,.006473
1499564462,16.45,.006458
1499564762,16.45,.006465
1499565062,16.52,.006507
1499565362,16.52,.006498
1499565662,16.52,.006492
1499565962,16.52,.006499
1499566262,16.52,.006528
1499566562,16.52,.006522
1499566862,16.52,.00652
