1499299262,17.34,.00667
1499299562,17.34,.006669
1499299862,17.32,.006666
1499300162,17.32,.006655
1499300462,17.32,.006657
1499300762,17.38,.006662
1499301062,17.38,.006657
1499301362,17.25,.006662
1499301662,17.25,.006669
1499301962,17.38,.00667
1499302262,17.38,.006672
1499302562,17.38,.006657
1499302862,17.34,.006668
1499303162,17.42,.006668
1499303462,17.42,.006658
1499303762,17.38,.006671
1499304062,17.34,.006661
1499304363,17.34,.006665
1499304663,17.19,.006673
1499304962,17.2,.006664
1499305262,17.2,.006668
1499305562,17.2,.006666
1499305862,17.2,.006662
1499306161,17.29,.006663
1499306462,17.29,.006659
