1499212862,17.4,.006719
1499213162,17.4,.006716
1499213462,17.4,.006702
1499213762,17.36,.006688
1499214062,17.33,.006689
1499214361,17.31,.006704
1499214662,17.31,.006699
1499214962,17.31,.006694
1499215262,17.31,.006701
1499215562,17.39,.006699
1499215862,17.31,.006717
1499216162,17.29,.006708
1499216462,17.39,.006734
1499216762,17.29,.00675
1499217062,17.29,.006744
1499217362,17.29,.006748
1499217662,17.29,.006741
1499217962,17.29,.006741
1499218263,17.38,.006755
1499218562,17.38,.006762
1499218862,17.45,.006764
1499219162,17.45,.006772
1499219462,17.45,.00678
1499219762,17.45,.006775
1499220062,17.45,.006762
