1497744063,.02964,.00001116
1497744366,.0297,.00001116
1497744662,.02969,.00001116
1497744962,.02969,.00001120
1497745262,.02943,.00001115
1497745562,.02948,.00001115
1497745861,.02949,.00001115
1497746161,.02953,.00001115
1497746462,.02931,.00001114
1497746762,.02921,.00001114
1497747062,.02936,.00001114
1497747362,.02962,.00001124
1497747661,.02936,.00001114
1497747962,.02942,.00001114
1497748262,.02945,.00001114
1497748562,.02955,.00001114
1497748861,.02957,.00001114
1497749162,.02988,.00001125
1497749462,.02988,.00001124
1497749762,.02966,.00001114
1497750062,.02937,.00001106
1497750362,.02981,.00001123
1497750662,.02981,.00001121
1497750962,.02979,.00001121
