1497830462,.02693,.00001059
1497830762,.02699,.00001062
1497831062,.027,.00001062
1497831362,.02702,.00001061
1497831662,.02708,.00001061
1497831962,.02713,.00001060
1497832262,.02715,.00001060
1497832562,.02708,.00001060
1497832862,.02704,.00001060
1497833162,.02691,.00001060
1497833462,.02688,.00001060
1497833761,.02702,.00001060
1497834062,.02703,.00001060
1497834362,.02715,.00001062
1497834662,.02882,.00001129
1497834962,.0288,.00001130
1497835262,.02877,.00001128
1497835562,.02818,.00001105
1497835862,.02725,.00001070
1497836162,.02734,.00001070
1497836461,.02726,.00001069
1497836762,.02708,.00001063
1497837062,.02692,.00001064
1497837362,.02696,.00001064
