1497916862,.02556,.00000976
1497917162,.02535,.00000967
1497917462,.02523,.00000962
1497917763,.0253,.00000962
1497918062,.02531,.00000961
1497918362,.02567,.00000971
1497918662,.02579,.00000973
1497918962,.02588,.00000976
1497919263,.02588,.00000976
1497919562,.02569,.00000969
1497919862,.02568,.00000969
1497920162,.02565,.00000969
1497920462,.02541,.00000960
1497920762,.02539,.00000960
1497921062,.02536,.00000960
1497921362,.02536,.00000960
1497921662,.02536,.00000960
1497921962,.02544,.00000961
1497922261,.02544,.00000961
1497922562,.02548,.00000961
1497922862,.02581,.00000974
1497923162,.0256,.00000964
1497923462,.02599,.00000978
1497923762,.02565,.00000964
