1498089662,.02627,.00000981
1498089962,.02633,.00000982
1498090262,.02639,.00000982
1498090562,.02644,.00000982
1498090862,.02645,.00000982
1498091162,.02651,.00000983
1498091462,.02653,.00000984
1498091762,.02664,.00000989
1498092062,.02664,.00000989
1498092362,.02656,.00000988
1498092662,.02655,.00000989
1498092962,.02657,.00000989
1498093262,.02657,.00000989
1498093562,.02648,.00000989
1498093862,.02646,.00000989
1498094162,.02638,.00000989
1498094462,.02636,.00000989
1498094762,.02627,.00000989
1498095062,.02627,.00000990
1498095362,.02638,.00000990
1498095662,.02644,.00000992
1498095962,.02659,.00000997
1498096261,.0266,.00000997
1498096562,.02664,.00000997
1498096862,.02651,.00000992
1498097162,.02651,.00000992
1498097462,.02664,.00000997
1498097762,.02651,.00000993
1498098062,.0264,.00000991
1498098362,.02646,.00000991
1498098662,.02645,.00000991
1498098962,.02645,.00000991
1498099262,.02647,.00000990
1498099562,.02664,.00000998
1498099862,.02634,.00000988
1498100162,.0264,.00000990
1498100462,.02667,.00000999
1498100762,.02641,.00000989
1498101062,.02644,.00000989
1498101362,.02673,.00000999
1498101662,.02654,.00000989
1498101962,.02654,.00000989
1498102262,.02656,.00000989
1498102562,.02656,.00000989
1498102862,.0268,.00001000
1498103162,.02685,.00001001
1498103462,.02688,.00001002
1498103762,.02661,.00000994
1498104062,.0266,.00000994
1498104362,.02664,.00000994
1498104662,.02662,.00000994
1498104962,.0266,.00000994
1498105262,.02651,.00000990
1498105562,.02657,.00000995
1498105862,.02645,.00000995
1498106162,.02602,.00000980
1498106462,.02598,.00000980
1498106763,.02596,.00000980
1498107062,.02599,.00000980
1498107362,.02588,.00000981
1498107662,.02578,.00000980
1498107962,.02606,.00000992
1498108262,.02582,.00000981
1498108563,.02585,.00000980
1498108862,.02589,.00000980
1498109162,.02591,.00000980
1498109462,.02596,.00000981
1498109762,.02604,.00000981
1498110062,.02604,.00000981
1498110362,.02609,.00000981
1498110662,.02613,.00000983
1498110962,.02609,.00000983
1498111262,.02602,.00000981
1498111561,.02606,.00000982
1498111862,.02605,.00000981
1498112162,.0261,.00000982
1498112462,.0261,.00000981
1498112762,.0261,.00000980
1498113062,.02613,.00000981
1498113362,.02618,.00000981
1498113662,.02606,.00000976
1498113962,.0261,.00000976
1498114262,.02605,.00000975
1498114562,.02603,.00000975
1498114862,.02607,.00000976
1498115162,.02606,.00000975
1498115462,.02608,.00000975
1498115762,.02608,.00000976
1498116062,.02612,.00000980
1498116362,.02641,.00000992
1498116662,.02604,.00000979
1498116962,.02619,.00000986
1498117262,.02605,.00000979
1498117562,.02609,.00000980
1498117862,.02617,.00000980
1498118162,.02613,.00000978
1498118462,.02616,.00000978
1498118762,.0263,.00000982
1498119062,.02639,.00000986
1498119362,.02665,.00000997
1498119662,.02662,.00000997
1498119962,.02627,.00000984
1498120262,.02628,.00000985
1498120562,.02659,.00000997
1498120862,.02659,.00000997
1498121163,.02629,.00000985
1498121462,.02625,.00000984
1498121762,.02623,.00000985
1498122062,.02624,.00000985
1498122362,.02627,.00000985
1498122662,.02624,.00000985
1498122962,.02622,.00000985
1498123262,.0262,.00000985
1498123562,.02618,.00000985
1498123862,.02617,.00000985
1498124162,.02619,.00000985
1498124462,.02664,.00001000
1498124762,.02651,.00000988
1498125062,.02695,.00001002
1498125362,.02656,.00000985
1498125662,.02652,.00000983
1498125962,.0267,.00000988
1498126262,.02669,.00000986
1498126562,.02667,.00000986
1498126862,.027,.00000998
1498127162,.02673,.00000988
1498127462,.02666,.00000985
1498127762,.02666,.00000985
1498128062,.02661,.00000985
1498128362,.02662,.00000985
1498128661,.02663,.00000985
1498128962,.02661,.00000985
1498129262,.02665,.00000985
1498129562,.02664,.00000985
1498129862,.02695,.00000996
1498130162,.02692,.00000996
1498130462,.0269,.00000996
1498130762,.02671,.00000990
1498131062,.02667,.00000989
1498131362,.02659,.00000987
1498131662,.02657,.00000987
1498132262,.0267,.00000990
1498132562,.027,.00001000
1498132862,.02674,.00000990
1498133162,.02693,.00000997
1498133461,.02692,.00000999
1498133762,.02691,.00000998
1498134062,.02687,.00000998
1498134362,.02692,.00000999
1498134662,.02694,.00001000
1498134962,.02701,.00001001
1498135262,.0271,.00001005
1498135562,.02708,.00001005
1498135862,.02708,.00001004
1498136162,.02699,.00001000
1498136462,.02703,.00001001
1498136763,.02711,.00001004
1498137062,.02705,.00001000
1498137362,.02724,.00001003
1498137662,.02725,.00001001
1498137962,.02728,.00001003
1498138262,.02722,.00001002
1498138562,.02722,.00001002
1498138862,.02723,.00001002
1498139162,.02728,.00001004
1498139462,.02733,.00001004
1498139762,.02732,.00001003
1498140062,.02733,.00001003
1498140362,.02721,.00001000
1498140662,.02724,.00000999
1498140962,.02686,.00000984
1498141262,.02686,.00000984
1498141562,.0269,.00000986
1498141862,.0269,.00000988
1498142162,.02771,.00001018
1498142462,.02697,.00000989
1498142762,.02724,.00000997
1498143062,.02782,.00001017
1498143362,.02733,.00000998
1498143663,.02785,.00001016
1498143962,.0278,.00001015
1498144262,.02779,.00001015
1498144562,.02783,.00001017
1498144862,.02781,.00001016
1498145162,.02776,.00001015
1498145462,.0271,.00000992
1498145762,.02725,.00000996
1498146062,.0272,.00000995
1498146362,.02722,.00000995
1498146662,.02717,.00000992
1498146962,.02721,.00000992
1498147261,.02714,.00000986
1498147562,.02729,.00000990
1498147862,.02726,.00000990
1498148162,.02739,.00000996
1498148462,.02737,.00000996
1498148762,.02772,.00001010
1498149062,.02783,.00001015
1498149362,.02735,.00000999
1498149661,.0279,.00001016
1498149961,.02741,.00000999
1498150262,.02747,.00001000
1498150562,.02728,.00000993
1498150862,.02743,.00000998
1498151162,.02749,.00001000
1498151462,.02793,.00001016
1498151762,.02802,.00001020
1498152062,.02802,.00001020
1498152362,.0274,.00000997
1498152662,.02868,.00001043
1498152962,.0286,.00001041
1498153262,.02878,.00001050
1498153562,.02873,.00001049
1498153861,.02816,.00001030
1498154162,.02773,.00001014
1498154462,.02788,.00001019
1498154762,.02804,.00001025
1498155062,.02804,.00001026
1498155362,.02796,.00001024
1498155662,.02856,.00001046
1498155962,.02807,.00001029
1498156262,.02807,.00001028
1498156562,.02807,.00001028
1498156862,.02818,.00001031
1498157162,.02857,.00001044
1498157462,.02857,.00001045
1498157762,.0286,.00001043
1498158062,.02875,.00001047
1498158362,.02847,.00001042
1498158662,.02836,.00001040
1498158962,.02771,.00001015
1498159262,.02863,.00001050
1498159562,.02766,.00001016
1498159862,.02761,.00001016
1498160162,.02841,.00001048
1498160462,.02768,.00001023
1498160762,.02788,.00001023
1498161062,.02793,.00001025
1498161362,.02795,.00001025
1498161662,.02795,.00001026
1498161962,.02791,.00001023
1498162262,.02837,.00001040
1498162562,.02836,.00001038
1498162862,.02841,.00001040
1498163162,.02863,.00001049
1498163462,.02817,.00001034
1498163762,.0281,.00001033
1498164062,.02811,.00001033
1498164362,.02808,.00001033
1498164662,.02796,.00001031
1498164961,.02795,.00001031
