1497679535,.02891,.00001150
1497679552,.02891,.00001150
1497679595,.02877,.00001140
1497681152,.02895,.00001140
1497681218,.02889,.00001138
1497681246,.02891,.00001138
1497681324,.02892,.00001139
1497681344,.02892,.00001139
1497681386,.02892,.00001139
1497681406,.02892,.00001139
1497681591,.02891,.00001138
1497681662,.0299,.00001177
1497681962,.02992,.00001177
1497682262,.02916,.00001145
1497682562,.0291,.00001145
1497682862,.0288,.00001134
1497683162,.02874,.00001134
1497683462,.02892,.00001140
1497683762,.02897,.00001145
1497684062,.02903,.00001145
1497684362,.02897,.00001145
1497684662,.029,.00001147
1497684962,.02904,.00001146
1497685262,.02892,.00001144
1497685562,.02899,.00001145
1497685862,.02883,.00001140
1497686162,.02867,.00001134
1497686462,.02873,.00001135
1497686762,.02899,.00001147
1497687062,.02875,.00001136
1497687362,.02884,.00001137
1497687662,.02913,.00001146
1497687962,.02887,.00001136
1497688262,.02887,.00001136
1497688562,.02889,.00001136
1497688862,.0289,.00001136
1497689162,.02891,.00001136
1497689462,.02884,.00001134
1497689762,.02887,.00001135
