1498003262,.02702,.00000981
1498003562,.0274,.00001000
1498003862,.02733,.00001000
1498004162,.02742,.00001001
1498004461,.02711,.00000990
1498004762,.02703,.00000986
1498005062,.02709,.00000986
1498005362,.02716,.00000986
1498005662,.02705,.00000981
1498005962,.0272,.00000988
1498006262,.02713,.00000986
1498006562,.02705,.00000982
1498006862,.02696,.00000982
1498007162,.02688,.00000982
1498007462,.02688,.00000982
1498007762,.02733,.00000999
1498008061,.02699,.00000986
1498008362,.02693,.00000982
1498008662,.02707,.00000985
1498008962,.02734,.00000995
1498009262,.02698,.00000983
1498009562,.02706,.00000984
1498009862,.02702,.00000984
1498010162,.02697,.00000983
