1498262462,.03095,.00001142
1498262762,.03309,.00001220
1498263062,.03219,.00001185
1498263362,.03217,.00001184
1498263662,.0319,.00001173
1498263962,.03197,.00001175
1498264262,.03196,.00001175
1498264562,.0321,.00001180
1498264862,.03213,.00001180
1498265162,.03213,.00001180
1498265462,.03201,.00001175
1498265762,.03206,.00001176
1498266062,.03201,.00001175
1498266362,.03202,.00001175
1498266662,.03221,.00001182
1498266962,.03209,.00001177
1498267262,.03208,.00001176
1498267562,.03231,.00001185
1498267862,.03209,.00001178
1498268162,.0321,.00001178
1498268462,.0323,.00001185
1498268762,.03226,.00001185
1498269062,.033,.00001212
1498269362,.03248,.00001194
