1498694462,.03291,.00001278
1498694762,.0329,.00001278
1498695062,.03357,.00001301
1498695362,.03356,.00001302
1498695662,.0339,.00001317
1498695962,.03344,.00001300
1498696262,.0335,.00001302
1498696562,.03359,.00001302
1498696862,.03401,.00001317
1498697162,.03397,.00001316
1498697462,.034,.00001318
1498697762,.03401,.00001323
1498698062,.03389,.00001319
1498698362,.03393,.00001319
1498698662,.03388,.00001317
1498698962,.03352,.00001304
1498699262,.03349,.00001304
1498699562,.03338,.00001302
1498699862,.03343,.00001304
1498700162,.03338,.00001300
1498700462,.03295,.00001280
1498700762,.03319,.00001287
1498701062,.03265,.00001265
1498701362,.03263,.00001263
1498701662,.03258,.00001263
1498701962,.03281,.00001275
1498702262,.03282,.00001275
1498702562,.0325,.00001263
1498702862,.03272,.00001274
1498703162,.0328,.00001273
1498703462,.03283,.00001273
1498703762,.03286,.00001273
1498704062,.03289,.00001273
1498704362,.03286,.00001273
1498704662,.03245,.00001260
1498704962,.03249,.00001262
1498705262,.03273,.00001272
1498705562,.03344,.00001298
1498705862,.03347,.00001300
1498706162,.03235,.00001257
1498706462,.03241,.00001258
1498706762,.03246,.00001258
1498707062,.03258,.00001261
1498707362,.03361,.00001300
1498707662,.03357,.00001300
1498707962,.03394,.00001314
1498708262,.03398,.00001314
1498708561,.03378,.00001307
1498708862,.03389,.00001310
1498709161,.03366,.00001300
1498709462,.03365,.00001299
1498709762,.03366,.00001299
1498710062,.03274,.00001264
1498710362,.03275,.00001264
1498710662,.03278,.00001266
1498710962,.03262,.00001260
1498711262,.03276,.00001266
1498711562,.03274,.00001266
1498711862,.03275,.00001266
1498712162,.03361,.00001299
