1498867262,.02835,.00001142
1498867562,.02827,.00001136
1498867862,.0283,.00001136
1498868162,.0283,.00001136
1498868462,.02832,.00001136
1498868762,.0279,.00001120
1498869062,.02799,.00001124
1498869362,.02758,.00001108
1498869662,.0276,.00001108
1498869962,.02765,.00001110
1498870262,.02757,.00001108
1498870562,.02755,.00001108
1498870862,.02761,.00001109
1498871162,.02771,.00001114
1498871462,.02763,.00001113
1498871762,.02752,.00001111
1498872061,.02745,.00001111
1498872362,.02743,.00001113
1498872662,.02734,.00001111
1498872962,.02732,.00001112
1498873262,.02722,.00001113
1498873562,.02719,.00001113
1498873862,.02723,.00001115
1498874162,.02725,.00001115
1498874462,.02721,.00001114
