1498176062,.02696,.00000990
1498176362,.02694,.00000989
1498176662,.02783,.00001021
1498176962,.02793,.00001025
1498177262,.0279,.00001024
1498177562,.02772,.00001017
1498177862,.02696,.00000990
1498178161,.02703,.00000991
1498178462,.02701,.00000990
1498178762,.02782,.00001019
1498179062,.02792,.00001019
1498179362,.02718,.00000992
1498179662,.02778,.00001015
1498179962,.02711,.00000991
1498180262,.02692,.00000985
1498180562,.02696,.00000986
1498180862,.02808,.00001026
1498181162,.02781,.00001015
1498181462,.0276,.00001007
1498181762,.02761,.00001007
1498182062,.02765,.00001007
1498182362,.02761,.00001005
1498182662,.02763,.00001005
1498182962,.02763,.00001005
1498183262,.02772,.00001008
1498183562,.02765,.00001004
1498183862,.02771,.00001005
1498184162,.02771,.00001005
1498184462,.02767,.00001004
1498184762,.02769,.00001006
1498185062,.02827,.00001027
1498185362,.0277,.00001007
1498185662,.0284,.00001034
1498185962,.02804,.00001021
1498186262,.02802,.00001021
1498186562,.02802,.00001021
1498186862,.02837,.00001034
1498187162,.0278,.00001014
1498187462,.02781,.00001014
1498187762,.02785,.00001015
1498188062,.02831,.00001033
1498188362,.02831,.00001032
1498188662,.02827,.00001031
1498188962,.0278,.00001014
1498189261,.02831,.00001032
1498189562,.02839,.00001035
1498189862,.028,.00001020
1498190162,.02855,.00001040
