1498953661,.0274,.00001130
1498953962,.02734,.00001130
1498954262,.02703,.00001119
1498954562,.02725,.00001130
1498954862,.02728,.00001129
1498955162,.02726,.00001129
1498955462,.02723,.00001130
1498955762,.02721,.00001129
1498956061,.02719,.00001129
1498956362,.02685,.00001119
1498956662,.02683,.00001119
1498956962,.02669,.00001119
1498957262,.02691,.00001125
1498957562,.02673,.00001119
1498957862,.02688,.00001122
1498958162,.02701,.00001122
1498958462,.02707,.00001122
1498958762,.027,.00001120
1498959062,.02752,.00001143
1498959362,.02703,.00001120
1498959662,.02706,.00001120
1498959962,.02698,.00001120
1498960262,.02697,.00001120
1498960562,.02697,.00001120
1498960862,.02694,.00001119
