1498348862,.03719,.00001436
1498349162,.03717,.00001437
1498349462,.03762,.00001458
1498349762,.03763,.00001455
1498350062,.03688,.00001424
1498350361,.0362,.00001400
1498350662,.0361,.00001400
1498350962,.03599,.00001396
1498351262,.03569,.00001390
1498351562,.03549,.00001383
1498351862,.03539,.00001379
1498352162,.03545,.00001379
1498352462,.03548,.00001379
1498352762,.03568,.00001387
1498353062,.03704,.00001447
1498353362,.03583,.00001400
1498353662,.03547,.00001387
1498353962,.03575,.00001400
1498354262,.03519,.00001388
1498354562,.03545,.00001388
1498354862,.03534,.00001386
1498355162,.03529,.00001384
1498355462,.03532,.00001382
1498355762,.03535,.00001380
