1498608062,.03246,.00001256
1498608362,.03256,.00001269
1498608662,.03258,.00001269
1498608962,.03257,.00001269
1498609262,.03264,.00001272
1498609562,.03257,.00001272
1498609862,.03233,.00001266
1498610162,.03233,.00001265
1498610462,.03198,.00001254
1498610762,.03188,.00001254
1498611062,.03181,.00001254
1498611362,.03195,.00001262
1498611662,.03199,.00001262
1498611962,.03181,.00001260
1498612262,.03182,.00001259
1498612562,.03199,.00001259
1498612862,.03155,.00001238
1498613162,.03124,.00001233
1498613462,.03102,.00001230
1498613762,.03095,.00001231
1498614062,.03135,.00001247
1498614362,.0315,.00001252
1498614662,.03085,.00001230
1498614962,.03066,.00001230
