1498435262,.0336,.00001322
1498435562,.03375,.00001332
1498435862,.03405,.00001346
1498436162,.03398,.00001346
1498436462,.03402,.00001345
1498436762,.03407,.00001345
1498437062,.03523,.00001389
1498437362,.03515,.00001388
1498437662,.03445,.00001356
1498437962,.03402,.00001336
1498438262,.03344,.00001312
1498438562,.03346,.00001313
1498438862,.03335,.00001308
1498439162,.03308,.00001303
1498439462,.03308,.00001303
1498439762,.03311,.00001300
1498440062,.03265,.00001282
1498440362,.03196,.00001254
1498440662,.03209,.00001256
1498440961,.03271,.00001278
1498441262,.03254,.00001268
1498441562,.03225,.00001255
1498441862,.03254,.00001265
1498442162,.03237,.00001258
1498442462,.03235,.00001258
1498442762,.03239,.00001258
1498443062,.03237,.00001258
1498443362,.03253,.00001265
1498443662,.03229,.00001256
1498443962,.03228,.00001257
1498444262,.03255,.00001268
1498444562,.03286,.00001277
1498444861,.03278,.00001277
1498445162,.03273,.00001277
1498445462,.03273,.00001277
1498445762,.03282,.00001277
1498446062,.03286,.00001277
1498446362,.03247,.00001262
1498446662,.03229,.00001262
1498446962,.03255,.00001271
1498447262,.03258,.00001272
1498447562,.03215,.00001255
1498447862,.03217,.00001256
1498448162,.03247,.00001267
1498448462,.03216,.00001256
1498448762,.03222,.00001257
1498449062,.03234,.00001257
1498449362,.03236,.00001256
1498449662,.03241,.00001257
1498449962,.03265,.00001266
1498450262,.03266,.00001266
1498450562,.03268,.00001267
1498450862,.03259,.00001261
1498451162,.03244,.00001257
1498451462,.0323,.00001255
1498451762,.03231,.00001258
1498452062,.03214,.00001255
1498452362,.03241,.00001267
1498452662,.03201,.00001254
1498452962,.03188,.00001254
1498453262,.03189,.00001255
1498453562,.03226,.00001269
1498453862,.03204,.00001256
1498454162,.03249,.00001271
1498454462,.03245,.00001270
1498454762,.03217,.00001257
1498455062,.03204,.00001257
1498455362,.03201,.00001258
1498455662,.03234,.00001268
1498455962,.03239,.00001269
1498456262,.0323,.00001269
1498456562,.03205,.00001260
1498456862,.03202,.00001259
1498457162,.03204,.00001268
1498457462,.03222,.00001278
1498457762,.03197,.00001275
1498458062,.03303,.00001319
1498458362,.03368,.00001340
1498458662,.03484,.00001388
1498458962,.0351,.00001396
1498459262,.03482,.00001383
1498459562,.034,.00001349
1498459862,.03397,.00001351
1498460162,.03368,.00001348
1498460462,.03367,.00001348
1498460762,.03359,.00001347
1498461062,.03379,.00001357
1498461362,.03347,.00001347
1498461662,.03356,.00001347
1498461962,.03382,.00001347
1498462262,.03377,.00001346
1498462562,.03279,.00001302
1498462862,.03274,.00001301
1498463162,.03274,.00001299
1498463462,.03277,.00001300
1498463762,.03284,.00001300
1498464062,.03274,.00001299
1498464362,.03276,.00001300
1498464662,.03226,.00001281
1498464962,.03274,.00001299
1498465262,.03269,.00001300
1498465562,.03381,.00001346
1498465862,.03376,.00001347
1498466162,.03278,.00001309
1498466462,.0334,.00001335
1498466762,.0327,.00001311
1498467062,.03272,.00001318
1498467361,.03246,.00001310
1498467662,.03227,.00001305
1498467962,.03238,.00001305
1498468262,.03255,.00001308
1498468562,.03272,.00001312
1498468862,.03262,.00001307
1498469162,.03269,.00001308
1498469462,.03258,.00001301
1498469762,.03281,.00001300
1498470062,.03285,.00001300
1498470362,.03287,.00001300
1498470662,.03298,.00001300
1498470962,.03309,.00001300
1498471262,.0332,.00001303
1498471562,.03311,.00001302
1498471862,.03304,.00001301
1498472162,.03423,.00001351
1498472462,.03326,.00001318
1498472762,.03361,.00001323
1498473062,.0336,.00001323
1498473362,.03366,.00001322
1498473662,.03357,.00001323
1498473961,.03363,.00001322
1498474261,.0336,.00001322
1498474562,.03348,.00001322
1498474862,.03368,.00001329
1498475162,.03364,.00001330
1498475462,.03371,.00001336
1498475762,.0339,.00001348
1498476062,.03359,.00001332
1498476362,.0336,.00001332
1498476662,.03292,.00001307
1498476962,.03267,.00001296
1498477262,.03246,.00001290
1498477562,.03259,.00001292
1498477862,.03234,.00001281
1498478162,.03224,.00001280
1498478462,.03216,.00001280
1498478762,.03198,.00001280
1498479062,.03197,.00001280
1498479362,.03225,.00001286
1498479662,.0322,.00001280
1498479962,.03218,.00001276
1498480262,.03191,.00001265
1498480562,.03179,.00001260
1498480862,.03185,.00001262
1498481162,.03198,.00001265
1498481462,.03196,.00001263
1498481762,.03202,.00001267
1498482062,.03231,.00001277
1498482362,.03197,.00001262
1498482662,.0323,.00001275
1498482962,.03199,.00001261
1498483262,.03187,.00001261
1498483562,.03176,.00001261
1498483862,.03204,.00001275
1498484162,.03192,.00001275
1498484462,.03208,.00001277
1498484762,.03211,.00001277
1498485062,.03242,.00001289
1498485362,.0321,.00001275
1498485662,.03197,.00001275
1498485962,.03199,.00001275
1498486262,.032,.00001276
1498486562,.03219,.00001284
1498486862,.03226,.00001287
1498487162,.03225,.00001287
1498487462,.03226,.00001287
1498487762,.03206,.00001287
1498488062,.03201,.00001284
1498488362,.03199,.00001284
1498488662,.03221,.00001294
1498488962,.03178,.00001279
1498489262,.03178,.00001280
1498489562,.03159,.00001281
1498489862,.0316,.00001282
1498490162,.03155,.00001297
1498490462,.03084,.00001271
1498490762,.03108,.00001274
1498491062,.03084,.00001259
1498491362,.03171,.00001290
1498491662,.0317,.00001287
1498491962,.03155,.00001287
1498492262,.03079,.00001254
1498492562,.03074,.00001259
1498492862,.03051,.00001256
1498493162,.03051,.00001252
1498493462,.03032,.00001250
1498493762,.03017,.00001250
1498494062,.03007,.00001250
1498494362,.03012,.00001250
1498494662,.03002,.00001250
1498494961,.03043,.00001264
1498495262,.03004,.00001250
1498495562,.02928,.00001210
1498495862,.02914,.00001200
1498496162,.02875,.00001177
1498496462,.02853,.00001173
1498496762,.02839,.00001172
1498497062,.02829,.00001171
1498497362,.02875,.00001192
1498497662,.02881,.00001187
1498497962,.02895,.00001189
1498498262,.0295,.00001202
1498498562,.029,.00001188
1498498862,.02817,.00001169
1498499162,.02837,.00001174
1498499462,.02834,.00001173
1498499762,.0288,.00001196
1498500062,.02849,.00001183
1498500362,.02818,.00001168
1498500662,.02814,.00001169
1498500962,.02841,.00001181
1498501262,.02833,.00001181
1498501562,.0282,.00001184
1498501862,.02816,.00001184
1498502162,.02823,.00001184
1498502461,.02801,.00001184
1498502762,.02754,.00001170
1498503062,.02744,.00001169
1498503362,.02702,.00001157
1498503662,.02734,.00001159
1498503962,.02732,.00001157
1498504262,.02752,.00001158
1498504562,.0273,.00001157
1498504862,.02749,.00001157
1498505162,.0276,.00001159
1498505462,.02748,.00001157
1498505761,.02754,.00001159
1498506062,.02751,.00001157
1498506362,.02744,.00001158
1498506662,.02724,.00001155
1498506962,.02724,.00001155
1498507262,.02724,.00001155
1498507562,.02711,.00001158
1498507862,.02681,.00001151
1498508162,.02694,.00001154
1498508462,.02711,.00001150
1498508762,.02697,.00001151
1498509061,.02694,.00001150
1498509361,.02765,.00001177
1498509662,.02767,.00001175
1498509962,.02793,.00001175
1498510262,.02823,.00001175
1498510562,.02857,.00001199
