1498780862,.03067,.00001197
1498781162,.03106,.00001211
1498781462,.03104,.00001211
1498781762,.03099,.00001211
1498782062,.03069,.00001198
1498782362,.03076,.00001199
1498782662,.03077,.00001199
1498782962,.03071,.00001198
1498783262,.0309,.00001206
1498783562,.03081,.00001202
1498783862,.0308,.00001202
1498784162,.03078,.00001201
1498784462,.03083,.00001201
1498784762,.03077,.00001201
1498785062,.03074,.00001201
1498785362,.03079,.00001201
1498785662,.03093,.00001206
1498785962,.03095,.00001206
1498786262,.03093,.00001206
1498786562,.03094,.00001207
1498786862,.03095,.00001207
1498787162,.03094,.00001207
1498787462,.03092,.00001206
1498787762,.03091,.00001207
