1498521662,.02882,.00001177
1498521962,.02941,.00001203
1498522262,.02909,.00001189
1498522562,.02906,.00001189
1498522862,.02933,.00001206
1498523162,.02894,.00001194
1498523462,.02942,.00001207
1498523762,.02937,.00001196
1498524062,.02962,.00001208
1498524362,.02963,.00001208
1498524662,.02948,.00001207
1498524962,.02939,.00001207
1498525262,.02931,.00001198
1498525562,.02947,.00001204
1498525862,.0295,.00001204
1498526162,.02969,.00001215
1498526462,.0298,.00001221
1498526762,.02963,.00001212
1498527062,.02978,.00001211
1498527362,.02997,.00001214
1498527662,.03002,.00001214
1498527962,.02999,.00001216
1498528262,.03002,.00001216
1498528562,.03011,.00001218
