1499299262,.03285,.00001251
1499299562,.03289,.00001251
1499299862,.03273,.00001245
1499300162,.03258,.00001239
1499300462,.03259,.00001239
1499300762,.03258,.00001239
1499301062,.03258,.00001239
1499301362,.03259,.00001240
1499301662,.03263,.00001240
1499301962,.03282,.00001248
1499302262,.03283,.00001248
1499302562,.03264,.00001241
1499302862,.03259,.00001240
1499303162,.03267,.00001245
1499303462,.03249,.00001239
1499303762,.03253,.00001239
1499304062,.03243,.00001239
1499304363,.03238,.00001239
1499304663,.03238,.00001239
1499304962,.03232,.00001236
1499305262,.03229,.00001236
1499305562,.03243,.00001242
1499305862,.03229,.00001236
1499306161,.03245,.00001242
1499306462,.03243,.00001242
1499306762,.03245,.00001242
1499307062,.03245,.00001242
1499307362,.03228,.00001236
1499307662,.0323,.00001236
1499307962,.03231,.00001236
1499308262,.03235,.00001236
1499308562,.03238,.00001236
1499308862,.03252,.00001241
1499309162,.03239,.00001236
1499309462,.0323,.00001232
1499309762,.03234,.00001233
1499310062,.03234,.00001233
1499310362,.03237,.00001234
1499310662,.03228,.00001230
1499310962,.03211,.00001225
1499311262,.03224,.00001229
1499311562,.03215,.00001225
1499311862,.03214,.00001225
1499312162,.03214,.00001225
1499312462,.03224,.00001229
1499312762,.03227,.00001230
1499313062,.03215,.00001225
1499313362,.03217,.00001225
1499313662,.03218,.00001225
1499313962,.03221,.00001226
1499314262,.03221,.00001226
1499314562,.0322,.00001226
1499314861,.03219,.00001226
1499315162,.03219,.00001227
1499315462,.03211,.00001227
1499315762,.03204,.00001227
1499316061,.03225,.00001235
1499316361,.03226,.00001235
1499316662,.03212,.00001230
1499316962,.03213,.00001230
1499317262,.03204,.00001226
