1499126462,.03149,.00001224
1499126762,.03303,.00001283
1499127062,.03193,.00001240
1499127362,.03203,.00001241
1499127662,.03203,.00001240
1499127962,.03187,.00001234
1499128262,.03187,.00001234
1499128562,.03193,.00001235
1499128862,.03195,.00001234
1499129162,.03197,.00001234
1499129462,.032,.00001234
1499129762,.03199,.00001234
1499130063,.03149,.00001215
1499130362,.0311,.00001200
1499130662,.03121,.00001204
1499130962,.0312,.00001204
1499131262,.03125,.00001206
1499131562,.03222,.00001243
1499131862,.03149,.00001214
1499132162,.03154,.00001215
1499132462,.03142,.00001211
1499132762,.03196,.00001230
1499133062,.03196,.00001230
1499133362,.03157,.00001215
1499133662,.0316,.00001216
