1499212862,.03182,.00001216
1499213162,.03171,.00001214
1499213462,.03175,.00001216
1499213762,.03173,.00001216
1499214062,.03179,.00001219
1499214361,.03192,.00001224
1499214662,.03186,.00001224
1499214962,.03187,.00001225
1499215262,.03187,.00001225
1499215562,.03178,.00001225
1499215862,.03177,.00001225
1499216162,.03172,.00001226
1499216462,.03173,.00001226
1499216762,.03207,.00001240
1499217062,.03232,.00001249
1499217362,.0323,.00001249
1499217662,.03189,.00001230
1499217962,.03239,.00001247
1499218263,.03246,.00001250
1499218562,.03235,.00001246
1499218862,.03235,.00001246
1499219162,.03238,.00001247
1499219462,.03226,.00001247
1499219762,.03238,.00001251
1499220062,.03236,.00001251
1499220362,.03232,.00001249
1499220662,.03231,.00001249
1499220962,.03225,.00001249
1499221262,.03224,.00001249
1499221562,.03223,.00001249
1499221862,.03232,.00001249
1499222162,.03234,.00001249
1499222462,.03229,.00001249
1499222762,.03225,.00001249
1499223062,.03222,.00001249
1499223362,.03228,.00001249
1499223662,.03232,.00001249
1499223962,.03233,.00001249
1499224262,.03233,.00001249
1499224562,.03233,.00001249
1499224862,.03262,.00001260
1499225162,.03262,.00001260
1499225462,.03262,.00001259
1499225762,.03337,.00001288
1499226062,.03263,.00001260
1499226362,.03305,.00001277
1499226662,.03262,.00001261
1499226962,.03282,.00001270
1499227262,.03302,.00001277
1499227562,.0328,.00001269
1499227862,.03277,.00001269
1499228162,.03278,.00001270
1499228462,.03271,.00001269
1499228762,.03261,.00001269
1499229062,.03265,.00001272
1499229362,.0326,.00001269
1499229662,.03262,.00001269
1499229962,.03262,.00001269
1499230262,.03269,.00001272
1499230562,.03267,.00001270
1499230862,.03269,.00001271
1499231162,.03272,.00001272
1499231462,.03275,.00001272
1499231762,.03271,.00001272
1499232062,.03273,.00001272
1499232361,.03279,.00001272
1499232662,.03279,.00001271
1499232962,.03269,.00001267
1499233262,.03228,.00001251
1499233562,.0323,.00001251
1499233862,.03237,.00001253
1499234162,.03236,.00001252
1499234462,.03237,.00001252
1499234762,.03238,.00001253
1499235062,.03253,.00001259
1499235362,.03255,.00001259
1499235662,.03232,.00001250
1499235962,.0323,.00001249
1499236262,.03224,.00001249
1499236562,.03222,.00001249
1499236862,.03223,.00001250
1499237162,.03222,.00001252
1499237462,.03226,.00001252
1499237762,.03225,.00001252
1499238061,.03225,.00001252
1499238362,.03225,.00001252
1499238662,.03217,.00001252
1499238962,.03216,.00001252
1499239262,.03212,.00001253
1499239562,.03211,.00001252
1499239862,.03212,.00001252
1499240161,.03225,.00001255
1499240462,.03225,.00001255
1499240762,.03231,.00001258
1499241062,.0323,.00001258
1499241362,.03234,.00001259
1499241662,.03232,.00001259
1499241962,.03223,.00001255
1499242262,.03214,.00001252
1499242562,.03215,.00001252
1499242862,.0321,.00001249
1499243162,.03213,.00001249
1499243462,.03209,.00001249
1499243762,.03213,.00001250
1499244062,.03236,.00001258
1499244362,.03217,.00001250
1499244662,.03226,.00001250
1499244962,.03228,.00001250
1499245261,.03226,.00001250
1499245562,.03231,.00001250
1499245862,.03231,.00001250
1499246162,.0325,.00001258
1499246462,.03226,.00001249
1499246762,.03224,.00001249
1499247062,.03218,.00001250
1499247362,.03236,.00001257
1499247662,.03235,.00001255
1499247962,.03235,.00001255
1499248262,.03236,.00001255
1499248562,.03247,.00001258
1499248862,.03251,.00001260
1499249162,.03225,.00001250
1499249462,.03245,.00001257
1499249762,.03246,.00001257
1499250062,.03256,.00001261
1499250361,.03256,.00001261
1499250662,.03255,.00001261
1499250962,.03261,.00001263
1499251262,.03258,.00001261
1499251562,.03255,.00001261
1499251862,.03254,.00001261
1499252162,.03259,.00001263
1499252462,.03254,.00001261
1499252762,.0326,.00001261
1499253062,.03263,.00001262
1499253362,.03245,.00001257
1499253662,.03229,.00001250
1499253962,.03233,.00001251
1499254262,.03229,.00001251
1499254562,.03227,.00001251
1499254862,.03222,.00001249
1499255162,.03222,.00001249
1499255462,.03224,.00001250
1499255762,.03225,.00001249
1499256062,.0322,.00001247
1499256362,.03251,.00001259
1499256662,.03214,.00001245
1499256962,.03246,.00001258
1499257262,.0323,.00001251
1499257562,.03218,.00001246
1499257862,.03226,.00001250
1499258162,.03218,.00001246
1499258462,.03219,.00001247
1499258762,.03229,.00001251
1499259061,.03245,.00001257
1499259361,.03241,.00001256
1499259662,.03239,.00001256
1499259962,.03234,.00001256
1499260262,.03238,.00001256
1499260562,.0324,.00001256
1499260862,.03242,.00001256
1499261161,.03257,.00001256
1499261461,.03261,.00001256
1499261762,.03264,.00001257
1499262062,.03257,.00001256
1499262362,.0326,.00001257
1499262662,.03266,.00001258
1499262962,.03258,.00001256
1499263262,.03272,.00001261
1499263562,.03271,.00001260
1499263862,.0327,.00001260
1499264162,.03273,.00001262
1499264462,.03273,.00001262
1499264762,.03284,.00001266
1499265062,.03251,.00001256
1499265361,.03252,.00001256
1499265663,.03253,.00001256
1499265963,.03255,.00001256
1499266262,.03268,.00001260
1499266562,.03269,.00001260
1499266862,.03258,.00001256
1499267162,.03264,.00001260
1499267462,.03251,.00001256
1499267762,.03251,.00001256
1499268062,.03248,.00001256
1499268361,.03249,.00001256
1499268662,.03249,.00001256
1499268962,.03251,.00001256
1499269262,.03263,.00001259
1499269562,.03263,.00001259
1499269862,.03266,.00001259
1499270162,.03258,.00001256
1499270462,.0326,.00001256
1499270762,.03269,.00001259
1499271062,.03263,.00001256
1499271362,.03269,.00001258
1499271662,.03288,.00001266
1499271962,.0327,.00001258
1499272262,.03274,.00001258
1499272562,.03275,.00001258
1499272862,.03271,.00001258
1499273162,.03269,.00001258
1499273462,.03266,.00001256
1499273762,.03262,.00001256
1499274062,.03263,.00001256
1499274362,.03275,.00001260
1499274662,.03262,.00001256
1499274962,.03268,.00001258
1499275262,.03283,.00001264
1499275562,.03268,.00001258
1499275862,.0326,.00001256
1499276162,.0326,.00001256
1499276462,.03271,.00001259
1499276762,.03278,.00001260
1499277062,.03277,.00001259
1499277363,.03276,.00001259
1499277662,.03274,.00001256
1499277962,.03275,.00001256
1499278262,.03278,.00001257
1499278562,.0328,.00001256
1499278862,.03277,.00001256
1499279162,.03279,.00001256
1499279462,.03294,.00001258
1499279762,.03291,.00001257
1499280062,.03295,.00001257
1499280362,.03296,.00001257
1499280662,.03297,.00001257
1499280962,.03293,.00001257
1499281262,.03288,.00001257
1499281562,.03284,.00001257
1499281861,.03287,.00001257
1499282162,.0329,.00001257
1499282462,.03285,.00001256
1499282762,.03283,.00001256
1499283062,.03288,.00001258
1499283362,.03295,.00001258
1499283662,.03299,.00001258
1499283962,.03308,.00001259
1499284262,.03309,.00001257
1499284562,.03341,.00001269
1499284862,.03312,.00001258
1499285162,.0331,.00001259
1499285462,.03328,.00001268
1499285762,.03308,.00001260
1499286062,.03308,.00001260
1499286362,.03299,.00001257
1499286662,.033,.00001256
1499286962,.03303,.00001257
1499287262,.03306,.00001257
1499287562,.03304,.00001257
1499287862,.03313,.00001260
1499288162,.03307,.00001260
1499288462,.03316,.00001264
1499288762,.03316,.00001264
1499289062,.03313,.00001264
1499289362,.03313,.00001264
1499289662,.0331,.00001264
1499289962,.03298,.00001260
1499290262,.03297,.00001260
1499290562,.03312,.00001267
1499290863,.03304,.00001265
1499291162,.03319,.00001270
1499291462,.03307,.00001264
1499291762,.03307,.00001260
1499292062,.03325,.00001265
