1499385662,.03235,.00001237
1499385962,.03231,.00001236
1499386262,.03206,.00001226
1499386562,.03245,.00001241
1499386862,.03212,.00001228
1499387162,.03212,.00001228
1499387462,.03214,.00001229
1499387762,.03205,.00001225
1499388062,.03197,.00001222
1499388362,.03197,.00001222
1499388662,.03196,.00001222
1499388962,.03201,.00001224
1499389262,.03201,.00001224
1499389562,.03216,.00001230
1499389861,.03192,.00001224
1499390161,.03184,.00001225
1499390462,.03183,.00001224
1499390762,.03185,.00001223
1499391062,.03187,.00001223
1499391362,.03187,.00001224
1499391662,.03212,.00001233
1499391962,.03196,.00001227
1499392262,.03186,.00001223
1499392562,.03184,.00001222
1499392862,.032,.00001228
