1499558462,.0307,.00001198
1499558762,.03075,.00001199
1499559062,.03054,.00001189
1499559362,.02948,.00001147
1499559662,.02945,.00001146
1499559962,.03001,.00001169
1499560262,.02995,.00001168
1499560562,.02848,.00001110
1499560862,.02972,.00001158
1499561162,.02968,.00001158
1499561462,.02968,.00001158
1499561762,.02922,.00001140
1499562062,.02903,.00001131
1499562362,.02902,.00001131
1499562662,.02902,.00001130
1499562962,.02899,.00001130
1499563262,.0285,.00001111
1499563562,.02851,.00001111
1499563862,.02847,.00001111
1499564162,.02847,.00001111
1499564462,.02846,.00001111
1499564762,.0285,.00001112
1499565062,.02848,.00001110
1499565362,.02823,.00001100
1499565662,.02823,.00001100
1499565962,.0284,.00001106
1499566262,.02827,.00001104
1499566562,.02828,.00001105
1499566862,.02827,.00001105
