1499644862,.02693,.00001072
1499645162,.02699,.00001072
1499645462,.02648,.00001052
1499645762,.02726,.00001083
1499646062,.027,.00001074
1499646362,.02706,.00001078
1499646662,.02706,.00001078
1499646962,.02705,.00001078
1499647262,.02718,.00001083
1499647562,.02718,.00001083
1499647862,.02701,.00001079
1499648162,.027,.00001079
1499648462,.02701,.00001079
1499648762,.02706,.00001079
1499649062,.02724,.00001085
1499649362,.02713,.00001079
1499649662,.02728,.00001085
1499649962,.02726,.00001085
1499650262,.02722,.00001085
1499650562,.02752,.00001097
1499650862,.02751,.00001097
1499651162,.02712,.00001078
1499651462,.02714,.00001079
1499651762,.02716,.00001079
1499652062,.02747,.00001090
1499652362,.02713,.00001078
1499652662,.02716,.00001078
1499652962,.02749,.00001090
1499653262,.02722,.00001078
1499653562,.0272,.00001078
1499653862,.02718,.00001078
1499654162,.02716,.00001078
1499654462,.02719,.00001079
1499654762,.02762,.00001097
1499655062,.02719,.00001080
1499655362,.02717,.00001079
1499655662,.02714,.00001079
1499655962,.02714,.00001079
1499656262,.02715,.00001079
1499656562,.02712,.00001078
1499656863,,
