1499487662,.028,.00001110
1499487962,.02801,.00001110
1499488262,.02802,.00001110
1499488562,.02802,.00001110
1499488861,.02799,.00001110
1499489161,.02801,.00001109
1499489462,.02803,.00001109
1499489762,.02813,.00001112
1499490061,.02814,.00001112
1499490362,.02814,.00001112
1499490662,.02813,.00001112
1499490962,.02813,.00001112
1499491262,.02808,.00001112
1499491562,.02803,.00001112
1499491862,.02773,.00001101
1499492162,.02797,.00001112
1499492462,.02805,.00001116
1499492762,.0277,.00001102
1499493062,.02781,.00001102
1499493362,.02776,.00001102
1499493662,.02776,.00001102
1499493962,.02773,.00001101
1499494262,.02769,.00001101
1499494562,.028,.00001117
1499494862,.02803,.00001119
1499495162,.02754,.00001101
1499495462,.02747,.00001100
1499495762,.02748,.00001100
1499496061,.02756,.00001101
1499496362,.02759,.00001101
1499496662,.02756,.00001100
1499496962,.02754,.00001100
1499497261,.02756,.00001100
1499497562,.02761,.00001100
1499497862,.02761,.00001100
1499498162,.02765,.00001101
1499498462,.02773,.00001102
