1499040061,.03249,.00001281
1499040362,.03242,.00001280
1499040662,.03214,.00001266
1499040962,.03241,.00001277
1499041262,.03194,.00001260
1499041562,.03191,.00001260
1499041862,.03191,.00001261
1499042162,.03218,.00001273
1499042462,.03185,.00001262
1499042761,.03178,.00001261
1499043061,.03183,.00001263
1499043362,.03184,.00001263
1499043662,.03179,.00001261
1499043962,.03175,.00001260
1499044262,.03174,.00001260
1499044561,.03176,.00001260
1499044862,.03178,.00001260
1499045162,.03179,.00001258
1499045462,.03181,.00001259
1499045762,.0317,.00001258
1499046062,.03175,.00001260
1499046362,.03179,.00001261
1499046662,.03184,.00001260
1499046962,.03187,.00001260
1499047262,.03188,.00001259
1499047562,.03127,.00001235
1499047862,.03133,.00001240
1499048162,.03126,.00001238
1499048462,.03057,.00001210
1499048762,.03108,.00001230
1499049062,.03099,.00001230
1499049362,.03101,.00001230
1499049662,.03128,.00001240
1499049962,.03176,.00001260
1499050262,.03119,.00001238
1499050562,.03111,.00001235
1499050862,.0311,.00001235
