1497830462,.02835,.00001115
1497830762,.02833,.00001115
1497831062,.02835,.00001115
1497831362,.02845,.00001117
1497831662,.0285,.00001117
1497831962,.02867,.00001120
1497832262,.02866,.00001119
1497832562,.02849,.00001115
1497832862,.02842,.00001114
1497833162,.02834,.00001116
1497833462,.02825,.00001114
1497833761,.02843,.00001115
1497834062,.02848,.00001117
1497834362,.02848,.00001114
1497834662,.02847,.00001115
1497834962,.02842,.00001115
1497835262,.02841,.00001114
1497835562,.02839,.00001113
1497835862,.02835,.00001113
1497836162,.02842,.00001112
1497836461,.02834,.00001111
1497836762,.02833,.00001112
1497837062,.02806,.00001109
1497837362,.02817,.00001112
1497837662,.02823,.00001114
1497837962,.02826,.00001114
1497838262,.02832,.00001116
1497838562,.02834,.00001114
1497838862,.02827,.00001110
1497839162,.02825,.00001109
1497839463,.02825,.00001108
1497839762,.02831,.00001107
1497840062,.02847,.00001110
1497840362,.02848,.00001108
1497840662,.02859,.00001112
1497840962,.0285,.00001109
1497841262,.0286,.00001109
1497841562,.02857,.00001106
1497841862,.02861,.00001108
1497842162,.02868,.00001109
1497842462,.0287,.00001110
1497842762,.02865,.00001109
1497843062,.02862,.00001108
1497843362,.02862,.00001107
1497843662,.02864,.00001108
1497843962,.02861,.00001107
1497844262,.02868,.00001111
1497844562,.02862,.00001107
1497844862,.02875,.00001113
1497845162,.02876,.00001115
1497845462,.02882,.00001117
1497845761,.02879,.00001117
1497846062,.02881,.00001118
1497846362,.02884,.00001117
1497846662,.02883,.00001117
1497846962,.02876,.00001116
1497847262,.02878,.00001116
1497847562,.02878,.00001116
1497847862,.02878,.00001115
1497848162,.02876,.00001113
