1497679535,.02869,.00001141
1497679552,.02869,.00001141
1497679595,.02879,.00001141
1497681152,.02882,.00001135
1497681218,.02895,.00001140
1497681246,.02886,.00001136
1497681324,.0288,.00001134
1497681344,.02877,.00001133
1497681386,.02877,.00001133
1497681406,.02877,.00001133
1497681591,.02893,.00001139
1497681662,.02889,.00001137
1497681962,.02903,.00001142
1497682262,.02893,.00001136
1497682562,.02887,.00001136
1497682862,.02893,.00001139
1497683162,.02885,.00001138
1497683462,.02887,.00001138
1497683762,.02885,.00001140
1497684062,.02898,.00001143
1497684362,.02887,.00001141
1497684662,.02887,.00001142
1497684962,.02906,.00001147
1497685262,.02881,.00001140
1497685562,.02883,.00001139
1497685862,.02883,.00001140
1497686162,.0288,.00001139
