1498003262,.03057,.00001110
1498003562,.03058,.00001116
1498003862,.03034,.00001110
1498004162,.03057,.00001116
1498004461,.03058,.00001117
1498004762,.03064,.00001118
1498005062,.03083,.00001122
1498005362,.03091,.00001122
1498005662,.031,.00001124
1498005962,.03086,.00001121
1498006262,.03084,.00001121
1498006562,.03091,.00001122
1498006862,.03089,.00001125
1498007162,.03085,.00001127
1498007462,.03082,.00001126
1498007762,.03083,.00001127
1498008061,.03085,.00001127
1498008362,.0308,.00001123
1498008662,.03078,.00001120
1498008962,.03072,.00001118
1498009262,.03063,.00001116
1498009562,.03052,.00001110
1498009862,.03048,.00001110
1498010162,.03049,.00001111
1498010462,.03045,.00001109
1498010762,.03064,.00001116
1498011062,.03058,.00001114
1498011362,.03064,.00001116
1498011662,.03063,.00001114
1498011962,.03054,.00001107
1498012262,.03066,.00001110
1498012562,.03069,.00001112
1498012862,.03041,.00001104
1498013162,.03036,.00001103
1498013462,.03038,.00001104
1498013762,.03047,.00001107
1498014062,.03049,.00001108
1498014362,.03052,.00001109
1498014662,.0305,.00001107
1498014962,.03069,.00001110
1498015262,.03086,.00001115
1498015562,.03076,.00001114
1498015862,.03081,.00001114
1498016162,.03079,.00001112
1498016462,.0308,.00001112
1498016762,.03072,.00001108
1498017061,.03062,.00001105
1498017362,.03065,.00001104
1498017662,.03062,.00001102
1498017962,.03017,.00001086
1498018262,.03036,.00001093
1498018562,.03032,.00001091
1498018862,.03007,.00001080
1498019162,.02991,.00001072
1498019462,.03019,.00001079
1498019762,.03022,.00001080
1498020062,.03044,.00001088
1498020362,.03025,.00001084
1498020662,.03018,.00001081
1498020962,.03028,.00001083
1498021262,.03044,.00001086
1498021561,,
1498021862,.03044,.00001091
1498022162,.03031,.00001087
1498022462,.03062,.00001098
1498022762,.03045,.00001101
1498023062,.03053,.00001105
1498023362,.03063,.00001115
1498023662,.03084,.00001116
1498023962,.03093,.00001119
1498024262,.03082,.00001115
1498024562,.03058,.00001113
