1498089662,.029,.00001083
1498089962,.02915,.00001087
1498090262,.02911,.00001083
1498090562,.02911,.00001081
1498090862,.02917,.00001083
1498091162,.02934,.00001088
1498091462,.02934,.00001088
1498091762,.02926,.00001086
1498092062,.02942,.00001092
1498092362,.02928,.00001089
1498092662,.02918,.00001087
1498092962,.02915,.00001085
1498093262,.02921,.00001087
1498093562,.02924,.00001092
1498093862,.02938,.00001098
1498094162,.02953,.00001107
1498094462,.02919,.00001095
1498094762,.02901,.00001092
1498095062,.02903,.00001094
1498095362,.02917,.00001095
1498095662,.02932,.00001100
1498095962,.02942,.00001103
1498096261,.02945,.00001104
1498096562,.02945,.00001102
1498096862,.02945,.00001102
1498097162,.02942,.00001101
1498097462,.02945,.00001102
1498097762,.02936,.00001100
1498098062,.02914,.00001094
1498098362,.02926,.00001096
1498098662,.02933,.00001099
1498098962,.02933,.00001099
1498099262,.02939,.00001099
1498099562,.02928,.00001097
1498099862,.02912,.00001092
1498100162,.02907,.00001090
1498100462,.02886,.00001081
1498100762,.029,.00001086
1498101062,.02912,.00001089
1498101362,.02912,.00001088
1498101662,.0292,.00001088
1498101962,.02925,.00001090
1498102262,.02922,.00001088
1498102562,.02925,.00001089
1498102862,.02923,.00001091
1498103162,.02929,.00001092
1498103462,.02943,.00001097
1498103762,.02934,.00001096
1498104062,.02938,.00001098
1498104362,.02946,.00001099
1498104662,.0294,.00001098
1498104962,.02936,.00001097
1498105262,.02954,.00001103
1498105562,.02948,.00001104
1498105862,.0294,.00001106
1498106162,.02937,.00001106
1498106462,.02924,.00001103
1498106763,.02917,.00001101
1498107062,.0292,.00001101
1498107362,.02913,.00001104
1498107662,.02901,.00001103
1498107962,.02905,.00001106
1498108262,.02917,.00001108
1498108563,.02931,.00001111
1498108862,.02932,.00001110
1498109162,.02938,.00001111
1498109462,.02925,.00001105
1498109762,.02944,.00001109
1498110062,.02955,.00001113
1498110362,.02957,.00001112
1498110662,.0297,.00001117
1498110962,.0297,.00001119
