1497916862,.02938,.00001122
1497917162,.02971,.00001133
1497917462,.02974,.00001134
1497917763,.02993,.00001138
1497918062,.03015,.00001145
1497918362,.03043,.00001151
1497918662,.03088,.00001165
1497918962,.03166,.00001194
1497919263,.03147,.00001187
1497919562,.03153,.00001189
1497919862,.03188,.00001203
1497920162,.03195,.00001207
1497920462,.03195,.00001207
1497920762,.03161,.00001195
1497921062,.03134,.00001186
1497921362,.03107,.00001176
1497921662,.03083,.00001167
1497921962,.03142,.00001187
1497922261,.03102,.00001172
1497922562,.03044,.00001148
1497922862,.03068,.00001158
1497923162,.03067,.00001155
1497923462,.03093,.00001164
1497923762,.03137,.00001179
1497924062,.03125,.00001174
1497924362,.03152,.00001185
1497924662,.03138,.00001180
1497924962,.03136,.00001182
1497925263,.03145,.00001187
1497925562,.0315,.00001190
1497925862,.03123,.00001180
1497926162,.03109,.00001174
1497926462,.03097,.00001168
1497926762,.0308,.00001163
1497927062,.03083,.00001165
1497927362,.03119,.00001179
