1497744063,.03012,.00001134
1497744366,.03013,.00001132
1497744662,.03019,.00001135
1497744962,.03024,.00001141
1497745262,.03003,.00001138
1497745562,.02998,.00001134
1497745861,.02999,.00001134
1497746161,.03003,.00001134
1497746462,.02992,.00001137
1497746762,.02979,.00001136
1497747062,.02991,.00001135
1497747362,.0299,.00001135
1497747661,.02989,.00001134
1497747962,.03006,.00001138
1497748262,.03009,.00001138
1497748562,.03008,.00001134
1497748861,.03007,.00001133
1497749162,.03017,.00001136
1497749462,.03017,.00001135
1497749762,.03022,.00001135
1497750062,.03027,.00001140
1497750362,.03031,.00001142
1497750662,.03037,.00001142
1497750962,.03045,.00001146
