1498608062,.02122,.00000821
1498608362,.02109,.00000822
1498608662,.02113,.00000823
1498608962,.02102,.00000819
1498609262,.02086,.00000813
1498609562,.021,.00000820
1498609862,.02086,.00000817
1498610162,.02081,.00000814
1498610462,.02073,.00000813
1498610762,.02064,.00000812
1498611062,.02065,.00000814
1498611362,.02066,.00000816
1498611662,.02058,.00000812
1498611962,.02047,.00000811
1498612262,.0205,.00000811
1498612562,.02056,.00000809
1498612862,.02061,.00000809
1498613162,.02042,.00000806
1498613462,.02028,.00000804
1498613762,.02009,.00000799
1498614062,.01996,.00000794
1498614362,.02,.00000795
1498614662,.01987,.00000792
1498614962,.01982,.00000795
1498615262,.01977,.00000791
1498615562,.01983,.00000789
1498615862,.01998,.00000791
1498616162,.02021,.00000802
1498616462,.02024,.00000806
1498616762,.02016,.00000801
1498617062,.02029,.00000806
1498617362,.02005,.00000797
1498617662,.02003,.00000797
1498617962,.01995,.00000795
1498618262,.02004,.00000800
1498618562,.02015,.00000804
