1498694462,.02171,.00000843
1498694762,.02178,.00000846
1498695062,.02188,.00000848
1498695362,.02173,.00000843
1498695662,.02167,.00000842
1498695962,.02171,.00000844
1498696262,.02172,.00000844
1498696562,.0217,.00000841
1498696862,.02169,.00000840
1498697162,.02158,.00000836
1498697462,.02159,.00000837
1498697762,.02159,.00000840
1498698062,.02158,.00000840
1498698362,.02161,.00000840
1498698662,.02153,.00000837
1498698962,.02157,.00000839
1498699262,.02158,.00000840
1498699562,.02151,.00000839
1498699862,.02151,.00000839
1498700162,.02159,.00000841
1498700462,.02163,.00000840
1498700762,.02169,.00000841
1498701062,.0217,.00000841
1498701362,.0218,.00000844
