1498348862,.02644,.00001021
1498349162,.02646,.00001023
1498349462,.0264,.00001023
1498349762,.02633,.00001018
1498350062,.02629,.00001015
1498350361,.02632,.00001018
1498350662,.02618,.00001015
1498350962,.02612,.00001013
1498351262,.02606,.00001015
1498351562,.02592,.00001010
1498351862,.02582,.00001006
1498352162,.02584,.00001005
1498352462,.02573,.00001000
1498352762,.02572,.00001000
1498353062,.0255,.00000996
1498353362,.02556,.00000999
1498353662,.0256,.00001001
1498353962,.02549,.00000998
1498354262,.0255,.00001006
1498354562,.02572,.00001007
1498354862,.02578,.00001011
1498355162,.02593,.00001017
1498355462,.02589,.00001013
1498355762,.02592,.00001012
1498356062,.02579,.00001005
1498356362,.0258,.00001005
1498356662,.02574,.00001009
1498356962,.02574,.00001007
1498357262,.02582,.00001007
1498357562,.02577,.00001006
1498357862,.02568,.00001001
1498358162,.02569,.00001001
1498358462,.02577,.00001004
1498358762,.02582,.00001004
1498359063,.02578,.00001002
1498359362,.02581,.00001003
1498359662,.0259,.00001004
1498359962,.02574,.00001000
1498360262,.02582,.00001003
1498360562,.02578,.00001002
1498360862,.02577,.00001001
1498361162,.02573,.00001001
1498361462,.0256,.00001001
1498361762,.02559,.00001001
1498362062,.02557,.00001001
1498362362,.02563,.00001000
1498362662,.02568,.00001001
1498362962,.0257,.00001000
