1498780862,.01986,.00000775
1498781162,.01983,.00000773
1498781462,.01981,.00000773
1498781762,.01978,.00000773
1498782062,.01988,.00000776
1498782362,.01988,.00000775
1498782662,.01996,.00000778
1498782962,.01994,.00000778
1498783262,.01993,.00000778
1498783562,.01992,.00000777
1498783862,.01994,.00000778
1498784162,.01992,.00000777
1498784462,.02002,.00000780
1498784762,.01993,.00000778
1498785062,.01989,.00000777
1498785362,.01994,.00000778
1498785662,.01995,.00000778
1498785962,.01994,.00000777
1498786262,.01995,.00000778
1498786562,.01995,.00000778
1498786862,.01995,.00000778
1498787162,.01995,.00000778
1498787462,.01995,.00000778
1498787762,.01987,.00000776
