1498521662,.02013,.00000822
1498521962,.02,.00000818
1498522262,.02021,.00000826
1498522562,.02004,.00000820
1498522862,.01984,.00000816
1498523162,.01964,.00000810
1498523462,.01974,.00000810
1498523762,.01989,.00000810
1498524062,.02016,.00000822
1498524362,.02026,.00000826
1498524662,.02003,.00000820
1498524962,.0197,.00000809
1498525262,.02018,.00000825
1498525562,.02005,.00000819
1498525862,.01999,.00000816
1498526162,.02006,.00000821
1498526462,.02014,.00000825
1498526762,.02012,.00000823
1498527062,.02019,.00000821
1498527362,.02017,.00000817
1498527662,.02023,.00000818
1498527962,.02015,.00000817
1498528262,.0201,.00000814
1498528562,.02022,.00000818
1498528862,.0203,.00000821
1498529162,.02033,.00000822
1498529462,.0202,.00000815
1498529762,.02034,.00000819
1498530062,.02032,.00000818
1498530362,.0203,.00000819
1498530662,.02027,.00000818
1498530962,.02029,.00000818
1498531262,.02041,.00000821
1498531562,.02052,.00000826
1498531861,.0205,.00000825
1498532162,.02078,.00000833
1498532462,.02111,.00000846
1498532762,.02131,.00000856
1498533062,.02078,.00000837
1498533362,.02079,.00000838
1498533662,.02079,.00000838
1498533962,.02067,.00000833
1498534262,.02066,.00000831
1498534562,.02055,.00000826
1498534862,.0206,.00000828
1498535162,.02078,.00000835
1498535462,.02083,.00000837
1498535762,.02068,.00000833
1498536062,.02064,.00000832
1498536362,.02064,.00000832
1498536662,.0207,.00000836
1498536962,.02062,.00000835
1498537262,.02064,.00000837
1498537562,.02069,.00000840
1498537862,.02056,.00000836
1498538162,.02032,.00000832
1498538462,.02018,.00000825
1498538762,.0202,.00000824
1498539062,.02028,.00000825
1498539362,.02033,.00000827
1498539662,.02028,.00000823
1498539962,.02036,.00000824
1498540262,.02048,.00000831
1498540562,.02046,.00000830
1498540862,.02029,.00000825
1498541162,.02013,.00000820
1498541462,.01985,.00000811
1498541762,.02015,.00000815
1498542062,.02017,.00000814
1498542362,.02021,.00000816
1498542662,.02036,.00000820
1498542962,.02039,.00000822
