1498176062,.02837,.00001042
1498176362,.02828,.00001038
1498176662,.02843,.00001043
1498176962,.02844,.00001044
1498177262,.02844,.00001044
1498177562,.02873,.00001054
1498177862,.02909,.00001068
1498178161,.02888,.00001059
1498178462,.02883,.00001057
1498178762,.02875,.00001053
1498179062,.02896,.00001057
1498179362,.02883,.00001052
1498179662,.02871,.00001049
1498179962,.02872,.00001050
1498180262,.0287,.00001050
1498180562,.02855,.00001044
1498180862,.02874,.00001050
1498181162,.02858,.00001043
1498181462,.02859,.00001043
1498181762,.02854,.00001041
1498182062,.02902,.00001057
1498182362,.02909,.00001059
1498182662,.02906,.00001057
1498182962,.02904,.00001056
1498183262,.0289,.00001051
1498183562,.02895,.00001051
1498183862,.02901,.00001052
1498184162,.02895,.00001050
1498184462,.02897,.00001051
1498184762,.0289,.00001050
1498185062,.02888,.00001049
1498185362,.02889,.00001050
1498185662,.02879,.00001048
1498185962,.02892,.00001053
1498186262,.02876,.00001048
1498186562,.02873,.00001047
