1498435262,.02278,.00000896
1498435562,.02296,.00000906
1498435862,.02305,.00000911
1498436162,.02302,.00000912
1498436462,.02266,.00000896
1498436762,.02237,.00000883
1498437062,.0226,.00000891
1498437362,.02251,.00000889
1498437662,.02294,.00000903
1498437962,.02315,.00000909
1498438262,.02307,.00000905
1498438562,.02304,.00000904
1498438862,.02305,.00000904
1498439162,.0232,.00000914
1498439462,.0228,.00000898
1498439762,.02282,.00000896
1498440062,.02292,.00000900
1498440362,.02297,.00000901
1498440662,.02302,.00000901
1498440961,.02283,.00000892
1498441262,.02284,.00000890
1498441562,.02284,.00000889
1498441862,.023,.00000894
1498442162,.02316,.00000900
