1498867262,.0184,.00000741
1498867562,.01829,.00000735
1498867862,.01833,.00000736
1498868162,.01829,.00000734
1498868462,.01842,.00000739
1498868762,.01841,.00000739
1498869062,.01848,.00000742
1498869362,.01847,.00000742
1498869662,.01833,.00000736
1498869962,.01848,.00000742
1498870262,.01851,.00000744
1498870562,.01847,.00000743
1498870862,.0186,.00000747
1498871162,.01856,.00000746
1498871462,.01845,.00000743
1498871762,.0184,.00000743
1498872061,.01831,.00000741
1498872362,.01831,.00000743
1498872662,.01816,.00000738
1498872962,.01823,.00000742
1498873262,.01815,.00000742
1498873562,.01806,.00000739
1498873862,.01807,.00000740
1498874162,.01808,.00000740
1498874462,.0181,.00000741
