1498262462,.02889,.00001066
1498262762,.02892,.00001066
1498263062,.02896,.00001066
1498263362,.02899,.00001067
1498263662,.02915,.00001072
1498263962,.02893,.00001063
1498264262,.02888,.00001062
1498264562,.02889,.00001062
1498264862,.02889,.00001061
1498265162,.02881,.00001058
1498265462,.02887,.00001060
1498265762,.02876,.00001055
1498266062,.02885,.00001059
1498266362,.02875,.00001055
1498266662,.02869,.00001053
1498266962,.02874,.00001054
1498267262,.02883,.00001057
1498267562,.02893,.00001061
1498267862,.02893,.00001062
1498268162,.02886,.00001059
1498268462,.02903,.00001065
1498268762,.02905,.00001067
1498269062,.02899,.00001065
1498269362,.02887,.00001061
