1498953661,.01683,.00000694
1498953962,.01674,.00000692
1498954262,.01638,.00000678
1498954562,.0163,.00000676
1498954862,.01653,.00000684
1498955162,.01656,.00000686
1498955462,.01656,.00000687
1498955762,.01649,.00000684
1498956061,.01652,.00000686
1498956362,.01646,.00000686
1498956662,.01642,.00000685
1498956962,.0162,.00000679
1498957262,.01627,.00000680
1498957562,.01603,.00000671
1498957862,.01605,.00000670
1498958162,.01601,.00000665
1498958462,.01604,.00000665
1498958762,.01598,.00000663
1498959062,.01587,.00000659
1498959362,.01605,.00000665
1498959662,.01612,.00000667
1498959962,.01609,.00000668
1498960262,.01609,.00000668
1498960562,.01611,.00000669
1498960862,.01613,.00000670
1498961162,.01602,.00000667
1498961462,.01535,.00000642
1498961762,.01482,.00000621
1498962062,.01464,.00000612
1498962362,.01468,.00000614
1498962662,.0146,.00000610
1498962962,.01388,.00000578
1498963262,.01424,.00000594
1498963562,.01439,.00000599
1498963862,.01457,.00000607
1498964162,.01449,.00000603
1498964462,.01484,.00000617
