1499558462,.01591,.00000621
1499558762,.01598,.00000623
1499559062,.016,.00000623
1499559362,.01604,.00000624
1499559662,.01609,.00000626
1499559962,.01609,.00000627
1499560262,.0161,.00000628
1499560562,.01609,.00000627
1499560862,.01619,.00000631
1499561162,.01625,.00000634
1499561462,.0162,.00000632
1499561762,.0162,.00000632
1499562062,.01627,.00000634
1499562362,.01632,.00000636
1499562662,.01607,.00000626
1499562962,.01611,.00000628
1499563262,.01601,.00000624
1499563562,.01612,.00000628
1499563862,.01609,.00000628
1499564162,.01609,.00000628
1499564462,.01609,.00000628
1499564762,.01623,.00000633
1499565062,.01624,.00000633
1499565362,.01632,.00000636
1499565662,.01625,.00000633
1499565962,.01646,.00000641
1499566262,.01636,.00000639
1499566562,.01627,.00000636
1499566862,.01632,.00000638
1499567162,.01628,.00000636
1499567462,.01634,.00000638
1499567762,.01629,.00000636
1499568062,.01622,.00000633
1499568362,.01642,.00000640
1499568662,.01641,.00000639
1499568962,.01638,.00000638
1499569262,.01653,.00000644
1499569562,.0165,.00000643
1499569862,.0165,.00000642
1499570162,.01647,.00000641
1499570462,.01636,.00000637
1499570762,.0164,.00000639
1499571062,.01645,.00000640
1499571362,.01645,.00000640
1499571662,.01642,.00000639
1499571962,.01647,.00000641
1499572262,.01647,.00000641
1499572562,.01659,.00000645
1499572862,.01653,.00000643
1499573162,.01649,.00000641
1499573462,.01646,.00000640
1499573762,.01638,.00000637
1499574062,.0163,.00000634
1499574362,.01626,.00000632
1499574662,.01624,.00000631
1499574962,.01628,.00000632
1499575262,.01632,.00000634
1499575562,.01633,.00000635
1499575864,.01625,.00000632
1499576162,.01619,.00000630
1499576462,.01609,.00000626
1499576762,.01607,.00000625
1499577062,.01609,.00000626
1499577362,.01586,.00000618
1499577662,.01582,.00000617
1499577962,.01587,.00000620
1499578262,.01577,.00000616
1499578562,.01578,.00000616
1499578862,.01584,.00000619
1499579162,.01592,.00000622
1499579462,.01591,.00000622
1499579762,.01597,.00000624
1499580062,.01593,.00000622
1499580362,.01591,.00000622
1499580662,.01591,.00000624
1499580962,.01587,.00000623
1499581262,.01586,.00000623
1499581562,.01584,.00000622
1499581862,.01582,.00000621
1499582162,.0158,.00000620
1499582462,.01581,.00000620
1499582762,.01589,.00000623
1499583062,.01589,.00000622
1499583362,.01595,.00000624
1499583662,.01603,.00000627
1499583962,.01604,.00000628
1499584262,.01614,.00000632
1499584562,.0162,.00000634
1499584862,.01615,.00000631
1499585162,.01607,.00000629
1499585462,.01611,.00000630
1499585762,.01593,.00000624
1499586061,.0159,.00000623
1499586362,.0159,.00000623
1499586662,.01586,.00000622
1499586962,.01587,.00000622
1499587261,.01591,.00000623
1499587561,.01594,.00000625
1499587862,.016,.00000628
1499588162,.0161,.00000632
1499588462,.01605,.00000630
