1499126462,.0194,.00000754
1499126762,.01939,.00000753
1499127062,.01934,.00000751
1499127362,.01936,.00000750
1499127662,.01924,.00000745
1499127962,.01922,.00000744
1499128262,.01917,.00000742
1499128562,.01913,.00000740
1499128862,.01919,.00000741
1499129162,.01923,.00000742
1499129462,.01924,.00000742
1499129762,.01923,.00000742
1499130063,.01926,.00000743
1499130362,.01923,.00000742
1499130662,.0191,.00000737
1499130962,.01905,.00000735
1499131262,.01905,.00000735
1499131562,.01887,.00000728
1499131862,.01888,.00000728
1499132162,.0189,.00000728
1499132462,.01876,.00000723
1499132762,.01881,.00000724
1499133062,.01863,.00000717
1499133362,.01881,.00000724
1499133662,.01892,.00000728
