1499385662,.01805,.00000690
1499385962,.01806,.00000691
1499386262,.01799,.00000688
1499386562,.01799,.00000688
1499386862,.01799,.00000688
1499387162,.018,.00000688
1499387462,.01802,.00000689
1499387762,.01795,.00000686
1499388062,.01844,.00000705
1499388362,.01842,.00000704
1499388662,.01841,.00000704
1499388962,.01836,.00000702
1499389262,.01838,.00000703
1499389562,.01825,.00000698
1499389861,.01831,.00000702
1499390161,.01825,.00000702
1499390462,.01834,.00000705
1499390762,.01867,.00000717
1499391062,.0185,.00000710
1499391362,.01864,.00000716
1499391662,.01865,.00000716
1499391962,.01865,.00000716
1499392262,.0186,.00000714
1499392562,.01858,.00000713
1499392862,.01863,.00000715
