1499040061,.01775,.00000700
1499040362,.01811,.00000715
1499040662,.01891,.00000745
1499040962,.01964,.00000774
1499041262,.01909,.00000753
1499041562,.01897,.00000749
1499041862,.01883,.00000744
1499042162,.01873,.00000741
1499042462,.01858,.00000736
1499042761,.01853,.00000735
1499043061,.01858,.00000737
1499043362,.01898,.00000753
1499043662,.01878,.00000745
1499043962,.01887,.00000749
1499044262,.01927,.00000765
1499044561,.01961,.00000778
1499044862,.02026,.00000803
1499045162,.02011,.00000796
1499045462,.01973,.00000781
1499045762,.0195,.00000774
1499046062,.01915,.00000760
1499046362,.01938,.00000769
1499046662,.01963,.00000777
1499046962,.02016,.00000797
1499047262,.02033,.00000803
