1499299262,.01715,.00000653
1499299562,.01727,.00000657
1499299862,.01727,.00000657
1499300162,.0173,.00000658
1499300462,.01731,.00000658
1499300762,.01743,.00000663
1499301062,.01744,.00000663
1499301362,.01745,.00000664
1499301662,.01752,.00000666
1499301962,.01757,.00000668
1499302262,.0176,.00000669
1499302562,.01757,.00000668
1499302862,.01756,.00000668
1499303162,.01745,.00000665
1499303462,.01744,.00000665
1499303762,.01746,.00000665
1499304062,.01736,.00000663
1499304363,.01738,.00000665
1499304663,.0173,.00000662
1499304962,.01729,.00000661
1499305262,.01727,.00000661
1499305562,.01726,.00000661
1499305862,.01727,.00000661
1499306161,.01727,.00000661
1499306462,.01728,.00000662
