1499487662,.01539,.00000610
1499487962,.01537,.00000609
1499488262,.01548,.00000613
1499488562,.01547,.00000613
1499488861,.01543,.00000612
1499489161,.01548,.00000613
1499489462,.01542,.00000610
1499489762,.01525,.00000603
1499490061,.01544,.00000610
1499490362,.01551,.00000613
1499490662,.01551,.00000613
1499490962,.01556,.00000615
1499491262,.01561,.00000618
1499491562,.0155,.00000615
1499491862,.01544,.00000613
1499492162,.01537,.00000611
1499492462,.01536,.00000611
1499492762,.01526,.00000607
1499493062,.01524,.00000604
1499493362,.01532,.00000608
1499493662,.01534,.00000609
1499493962,.01531,.00000608
1499494262,.01519,.00000604
1499494562,.01511,.00000603
1499494862,.01508,.00000602
