1499212862,.01803,.00000689
1499213162,.01792,.00000686
1499213462,.01791,.00000686
1499213762,.0179,.00000686
1499214062,.01784,.00000684
1499214361,.01789,.00000686
1499214662,.01786,.00000686
1499214962,.01795,.00000690
1499215262,.01779,.00000684
1499215562,.01777,.00000685
1499215862,.01769,.00000682
1499216162,.01762,.00000681
1499216462,.01773,.00000685
1499216762,.01771,.00000685
1499217062,.01765,.00000682
1499217362,.01761,.00000681
1499217662,.01765,.00000681
1499217962,.01782,.00000686
1499218263,.01773,.00000683
1499218562,.01773,.00000683
1499218862,.01781,.00000686
1499219162,.01778,.00000685
1499219462,.01769,.00000684
1499219762,.01776,.00000686
1499220062,.0178,.00000688
