1499644862,.01482,.00000590
1499645162,.01478,.00000587
1499645462,.0148,.00000588
1499645762,.01477,.00000587
1499646062,.01471,.00000585
1499646362,.01468,.00000585
1499646662,.01471,.00000586
1499646962,.01463,.00000583
1499647262,.01461,.00000582
1499647562,.01473,.00000587
1499647862,.01459,.00000583
1499648162,.01461,.00000584
1499648462,.01457,.00000582
1499648762,.01455,.00000580
1499649062,.01456,.00000580
1499649362,.01459,.00000580
1499649662,.01453,.00000578
1499649962,.01432,.00000570
1499650262,.0143,.00000570
1499650562,.0144,.00000574
1499650862,.0144,.00000574
1499651162,.01441,.00000573
1499651462,.01446,.00000575
1499651762,.01447,.00000575
1499652062,.01452,.00000576
1499652362,.0146,.00000580
1499652662,.01459,.00000579
1499652962,.01466,.00000581
1499653262,.01472,.00000583
1499653562,.01463,.00000580
1499653862,.0145,.00000575
1499654162,.01451,.00000576
1499654462,.01462,.00000580
1499654762,.01458,.00000579
1499655062,.01458,.00000579
1499655362,.01461,.00000580
1499655662,.01459,.00000580
1499655962,.01459,.00000580
1499656262,.01457,.00000579
1499656562,.01457,.00000579
1499656863,,
