1497830462,2.19,.00086
1497830762,2.2,.0008667
1497831062,2.2,.0008666
1497831362,2.23,.000875
1497831662,2.23,.0008747
1497831962,2.19,.0008569
1497832262,2.18,.0008498
1497832562,2.17,.0008497
1497832862,2.17,.0008494
1497833162,2.16,.0008492
1497833462,2.13,.0008403
1497833761,2.13,.0008374
1497834062,2.14,.0008374
1497834362,2.14,.0008374
1497834662,2.14,.0008381
1497834962,2.14,.0008382
1497835262,2.14,.0008382
1497835562,2.16,.0008471
1497835862,2.15,.000845
1497836162,2.15,.0008413
1497836461,2.15,.0008413
1497836762,2.16,.0008483
1497837062,2.15,.0008484
1497837362,2.12,.0008371
