1497916862,1.99,.0007581
1497917162,1.95,.0007434
1497917462,1.93,.0007346
1497917763,1.9,.000723
1497918062,1.91,.000725
1497918362,1.9,.0007205
1497918662,1.91,.00072
1497918962,1.91,.0007205
1497919263,1.91,.0007205
1497919562,1.91,.0007205
1497919862,1.91,.0007205
1497920162,1.91,.0007205
1497920462,1.89,.0007158
1497920762,1.88,.000709
1497921062,1.87,.0007088
1497921362,1.87,.0007071
1497921662,1.9,.0007195
1497921962,1.93,.0007276
1497922261,1.93,.0007304
1497922562,1.91,.00072
1497922862,1.91,.00072
1497923162,1.88,.0007083
1497923462,1.94,.0007309
1497923762,1.94,.0007294
