1498089662,2.11,.0007894
1498089962,2.12,.0007896
1498090262,2.11,.0007842
1498090562,2.11,.0007847
1498090862,2.12,.0007871
1498091162,2.12,.0007878
1498091462,2.11,.0007828
1498091762,2.11,.0007814
1498092062,2.11,.0007818
1498092362,2.12,.0007869
1498092662,2.11,.0007867
1498092962,2.1,.0007815
1498093262,2.11,.0007858
1498093562,2.06,.0007678
1498093862,2.03,.00076
1498094162,2.02,.0007555
1498094462,2.01,.0007551
1498094762,2.01,.0007552
1498095062,2,.0007553
1498095362,2.01,.0007552
1498095662,2.01,.0007553
1498095962,2.01,.0007553
1498096261,2.02,.0007556
1498096562,2.02,.0007556
