1497679535,2.31,.0009196
1497679552,2.31,.0009196
1497679595,2.27,.0009
1497681152,2.33,.0009164
1497681218,2.33,.0009164
1497681246,2.33,.0009164
1497681324,2.33,.0009164
1497681344,2.33,.0009164
1497681386,2.32,.0009155
1497681406,2.32,.0009155
1497681591,2.33,.000916
1497681662,2.33,.0009182
1497681962,2.33,.0009186
1497682262,2.37,.0009298
1497682562,2.38,.0009378
1497682862,2.39,.0009393
1497683162,2.39,.0009446
1497683462,2.4,.0009463
1497683762,2.38,.0009423
1497684062,2.38,.000938
1497684362,2.4,.0009487
1497684662,2.4,.0009488
1497684962,2.44,.0009629
1497685262,2.42,.0009593
1497685562,2.38,.0009417
1497685862,2.4,.0009476
1497686162,2.41,.0009546
1497686462,2.4,.0009496
1497686762,2.41,.0009552
1497687062,2.38,.0009413
1497687362,2.4,.0009449
1497687662,2.4,.0009449
1497687962,2.4,.0009444
1497688262,2.4,.0009449
1497688562,2.38,.0009354
1497688862,2.39,.00094
1497689162,2.39,.0009401
1497689462,2.39,.0009402
1497689762,2.38,.0009352
1497690062,2.39,.0009401
1497690362,2.38,.0009351
1497690662,2.38,.0009351
1497690962,2.41,.0009451
1497691262,2.41,.0009451
1497691562,2.4,.0009405
1497691862,2.39,.0009331
1497692162,2.41,.0009386
1497692462,2.4,.000939
1497692762,2.41,.0009406
1497693062,2.41,.0009411
1497693362,2.25,.0008764
