1497744063,2.44,.0009198
1497744366,2.52,.000946
1497744662,2.52,.0009467
1497744962,2.51,.0009463
1497745262,2.49,.0009446
1497745562,2.45,.0009266
1497745861,2.45,.0009266
1497746161,2.45,.0009267
1497746462,2.46,.0009359
1497746762,2.46,.0009395
1497747062,2.46,.0009331
1497747362,2.4,.0009097
1497747661,2.39,.0009067
1497747962,2.4,.0009097
1497748262,2.43,.0009198
1497748562,2.41,.000907
1497748861,2.43,.0009172
1497749162,2.43,.0009166
1497749462,2.43,.0009158
1497749762,2.42,.0009074
1497750062,2.43,.0009159
1497750362,2.42,.0009102
1497750662,2.43,.0009149
1497750962,2.43,.000916
1497751262,2.42,.0009101
1497751562,2.42,.00091
1497751862,2.4,.0009036
1497752162,2.44,.0009156
1497752462,2.44,.0009157
1497752762,2.43,.0009095
1497753062,2.42,.0009093
1497753362,2.39,.000895
1497753662,2.39,.0008951
1497753962,2.44,.0009122
1497754262,2.44,.0009123
1497754562,2.43,.0009098
