1498003262,1.86,.0006748
1498003562,1.85,.0006751
1498003862,1.85,.0006751
1498004162,1.85,.0006767
1498004461,1.85,.0006751
1498004762,1.85,.0006751
1498005062,1.86,.0006783
1498005362,1.87,.0006783
1498005662,1.89,.0006853
1498005962,1.9,.0006911
1498006262,1.9,.0006919
1498006562,1.91,.0006919
1498006862,1.9,.0006921
1498007162,1.89,.0006921
1498007462,1.89,.0006922
1498007762,1.89,.0006921
1498008061,1.89,.0006922
1498008362,1.89,.0006904
1498008662,1.9,.0006899
1498008962,1.9,.0006899
1498009262,1.89,.000688
1498009562,1.9,.0006899
1498009862,1.89,.0006899
1498010162,1.89,.0006899
1498010462,1.89,.0006899
1498010762,1.89,.000688
1498011062,1.89,.00069
1498011362,1.9,.0006918
1498011662,1.93,.0007008
1498011962,1.94,.0007016
1498012262,1.96,.0007097
1498012562,1.97,.0007135
1498012862,1.99,.0007217
1498013162,1.97,.000714
1498013462,1.99,.0007215
1498013762,1.97,.0007141
1498014062,1.98,.000721
1498014362,2.01,.000729
1498014662,2.01,.0007292
1498014962,2.02,.0007289
1498015262,2.02,.000729
1498015562,2.01,.0007292
1498015862,2.02,.0007291
1498016162,2.01,.0007253
1498016462,2,.0007226
1498016762,1.99,.0007175
1498017061,1.98,.0007151
1498017362,1.97,.0007091
1498017662,1.97,.0007091
1498017962,1.97,.0007091
1498018262,1.95,.0007026
1498018562,1.95,.0007026
1498018862,1.96,.0007026
1498019162,1.98,.0007091
1498019462,1.98,.0007091
1498019762,1.95,.0006985
1498020062,1.94,.0006925
1498020362,1.95,.0006986
1498020662,1.98,.0007107
1498020962,1.99,.0007107
1498021262,1.96,.0006999
1498021561,,
1498021862,1.89,.0006786
1498022162,1.88,.0006751
1498022462,1.91,.0006857
1498022762,1.87,.0006759
1498023062,1.87,.0006754
1498023362,1.88,.0006855
1498023662,1.89,.0006854
1498023962,1.89,.0006823
1498024262,1.89,.0006822
1498024562,1.92,.0006996
1498024861,1.89,.0006934
1498025162,1.88,.0006931
1498025462,1.79,.0006591
1498025762,1.86,.0006901
1498026062,1.85,.000689
1498026362,1.84,.0006874
1498026662,1.8,.0006657
1498026962,1.8,.0006718
1498027262,1.81,.0006652
1498027562,1.81,.0006651
1498027862,1.83,.0006713
1498028162,1.83,.0006711
1498028461,1.83,.0006717
1498028762,1.82,.0006728
1498029062,1.86,.0006857
1498029362,1.86,.0006857
1498029661,1.86,.0006862
1498029962,1.86,.0006857
1498030262,1.85,.0006832
1498030562,1.85,.0006832
1498030862,1.82,.000671
1498031162,1.82,.000671
1498031462,1.86,.000682
1498031762,1.87,.000683
1498032062,1.88,.000683
1498032362,1.88,.000683
1498032662,1.87,.0006795
1498032962,1.9,.0006899
1498033262,1.9,.0006899
1498033562,1.89,.000685
1498033862,1.9,.0006898
1498034162,1.89,.000685
1498034462,1.89,.000685
1498034762,1.9,.0006888
1498035062,1.9,.0006898
1498035362,1.9,.0006897
1498035662,1.9,.0006897
1498035962,1.88,.000685
1498036262,1.9,.0006898
1498036562,1.9,.0006898
1498036862,1.89,.0006898
1498037162,1.89,.0006898
1498037462,1.89,.0006898
1498037762,1.89,.0006898
1498038061,1.89,.0006898
1498038362,1.89,.0006898
1498038662,1.88,.0006899
1498038962,1.88,.0006899
1498039262,1.85,.0006816
1498039562,1.85,.0006805
1498039862,1.87,.0006917
1498040162,1.88,.0006917
1498040462,1.89,.0006942
1498040762,1.85,.0006796
1498041062,1.89,.0006953
1498041362,1.93,.0007111
1498041662,1.93,.0007108
1498041962,1.94,.0007108
1498042262,1.95,.0007138
1498042562,1.94,.0007137
1498042862,1.94,.0007137
1498043162,1.94,.0007138
1498043462,1.94,.0007098
1498043762,1.94,.0007098
1498044062,1.93,.0007044
1498044362,1.93,.0007045
1498044662,1.94,.0007072
1498044962,1.91,.000696
1498045262,1.87,.0006832
1498045562,1.88,.0006832
1498045862,1.87,.0006831
1498046161,1.87,.0006828
1498046462,1.88,.0006829
1498046762,1.88,.0006828
1498047062,1.87,.0006801
1498047362,1.87,.0006801
1498047662,1.87,.0006799
1498047962,1.87,.0006799
1498048262,1.87,.00068
1498048562,1.87,.00068
1498048862,1.88,.0006823
1498049162,1.88,.0006819
1498049462,1.88,.0006819
1498049762,1.84,.0006709
1498050062,1.84,.0006698
1498050362,1.84,.000669
1498050662,1.84,.0006684
1498050962,1.84,.0006684
1498051261,1.84,.000669
1498051562,1.86,.0006753
1498051862,1.88,.0006827
1498052162,1.88,.0006827
1498052462,1.86,.0006753
1498052762,1.87,.0006826
1498053062,1.87,.0006854
1498053361,1.91,.0006996
1498053662,1.91,.0006997
1498053962,1.91,.0006998
1498054262,1.92,.0006996
1498054562,1.92,.0006997
1498054862,1.92,.0006998
1498055162,1.9,.0006931
1498055462,1.92,.0007051
1498055762,1.93,.000707
1498056062,1.91,.0007053
1498056362,1.91,.0007053
1498056662,1.91,.000701
1498056962,1.9,.0007009
1498057262,1.9,.0007009
1498057562,1.9,.0007053
1498057862,1.89,.0007052
1498058162,1.89,.0007053
1498058462,1.91,.0007053
1498058761,1.91,.0007053
1498059062,1.91,.0007098
1498059362,1.93,.0007141
1498059662,1.93,.000714
1498059962,1.93,.0007098
1498060262,1.93,.0007114
1498060562,1.93,.0007108
1498060862,1.95,.0007197
1498061162,1.92,.0007069
1498061462,1.95,.0007197
1498061762,1.95,.0007197
1498062062,1.96,.0007197
1498062362,1.96,.0007195
1498062662,1.96,.0007197
1498062962,1.96,.0007198
1498063262,1.96,.0007197
1498063562,1.95,.0007148
1498063862,1.93,.0007057
1498064162,1.93,.0007057
1498064462,1.96,.0007196
1498064762,1.96,.0007196
1498065062,1.95,.0007195
1498065362,1.97,.0007265
1498065662,1.97,.0007278
1498065962,1.87,.0006905
1498066262,1.81,.0006702
1498066562,1.83,.00068
1498066862,1.82,.0006763
1498067162,1.83,.0006763
1498067462,1.85,.0006861
1498067762,1.86,.0006865
