1498176062,2.31,.0008485
1498176362,2.34,.0008591
1498176662,2.35,.0008603
1498176962,2.34,.0008604
1498177262,2.33,.0008547
1498177562,2.35,.0008615
1498177862,2.34,.0008604
1498178161,2.31,.0008484
1498178462,2.35,.0008622
1498178762,2.32,.0008486
1498179062,2.32,.0008484
1498179362,2.3,.0008411
1498179662,2.3,.0008398
1498179962,2.25,.0008244
1498180262,2.26,.0008272
1498180562,2.3,.0008402
1498180862,2.3,.0008401
1498181162,2.33,.0008501
1498181462,2.3,.0008405
1498181762,2.3,.0008401
1498182062,2.31,.0008401
1498182362,2.3,.0008381
1498182662,2.29,.0008347
1498182962,2.24,.0008143
