1498867262,1.58,.000638
1498867562,1.59,.000638
1498867862,1.53,.0006151
1498868162,1.59,.0006362
1498868462,1.6,.0006428
1498868762,1.6,.0006428
1498869062,1.6,.0006428
1498869362,1.58,.0006366
1498869662,1.58,.0006362
1498869962,1.58,.000634
1498870262,1.58,.000634
1498870562,1.58,.000634
1498870862,1.56,.0006269
1498871162,1.56,.0006269
1498871462,1.55,.0006228
1498871762,1.54,.0006228
1498872061,1.53,.0006191
1498872362,1.53,.0006191
1498872662,1.52,.0006191
1498872962,1.52,.00062
1498873262,1.47,.000601
1498873562,1.48,.0006052
1498873862,1.48,.0006058
1498874162,1.49,.0006102
1498874462,1.51,.0006193
1498874762,1.51,.0006198
1498875062,1.53,.0006237
1498875362,1.53,.0006237
1498875662,1.53,.0006237
1498875962,1.54,.0006237
1498876262,1.54,.0006268
1498876562,1.53,.0006256
1498876862,1.54,.0006256
1498877162,1.52,.0006196
1498877462,1.5,.0006104
1498877762,1.5,.0006103
1498878062,1.5,.0006102
1498878361,1.49,.0006085
1498878661,1.48,.0006085
1498878962,1.49,.0006103
1498879262,1.49,.0006104
1498879562,1.48,.0006069
1498879862,1.48,.0006069
1498880162,1.48,.0006069
1498880462,1.49,.0006104
1498880762,1.51,.0006178
1498881062,1.53,.0006269
1498881362,1.55,.0006377
1498881662,1.56,.0006417
1498881962,1.54,.0006317
1498882262,1.54,.0006317
1498882562,1.53,.0006273
1498882862,1.53,.0006273
1498883162,1.53,.0006273
1498883462,1.53,.0006272
1498883762,1.54,.0006316
1498884061,1.53,.0006272
1498884362,1.56,.00064
1498884662,1.57,.00064
1498884962,1.55,.0006311
1498885262,1.57,.0006393
1498885562,1.57,.0006393
1498885862,1.57,.0006386
1498886162,1.57,.0006386
1498886462,1.57,.0006392
1498886761,1.57,.0006401
1498887062,1.58,.000642
1498887362,1.59,.000643
1498887662,1.58,.000643
1498887962,1.58,.000643
1498888262,1.59,.000643
1498888562,1.58,.000642
1498888862,1.58,.000643
