1498694462,1.81,.0007038
1498694762,1.81,.0007038
1498695062,1.82,.0007038
1498695362,1.81,.0007038
1498695662,1.8,.0007
1498695962,1.8,.0007005
1498696262,1.8,.0007005
1498696562,1.82,.0007038
1498696862,1.81,.0007
1498697162,1.81,.0007
1498697462,1.81,.0007001
1498697762,1.8,.0007001
1498698062,1.83,.0007115
1498698362,1.84,.0007147
1498698662,1.83,.0007104
1498698962,1.83,.0007117
1498699262,1.84,.0007147
1498699562,1.83,.0007147
1498699862,1.82,.0007107
1498700162,1.82,.0007107
1498700462,1.83,.00071
1498700762,1.83,.00071
1498701062,1.83,.00071
1498701362,1.84,.0007107
1498701662,1.82,.0007045
1498701962,1.8,.0007
1498702262,1.8,.0007
1498702562,1.8,.0007004
1498702862,1.8,.0007
1498703162,1.8,.0007003
1498703462,1.81,.0007
1498703762,1.81,.0007003
1498704062,1.82,.000705
1498704362,1.82,.000705
1498704662,1.83,.0007098
1498704962,1.83,.0007098
