1498262462,2.3,.0008468
1498262762,2.3,.0008468
1498263062,2.28,.0008409
1498263362,2.29,.000842
1498263662,2.29,.0008418
1498263962,2.3,.0008468
1498264262,2.29,.0008419
1498264562,2.29,.0008418
1498264862,2.31,.0008478
1498265162,2.31,.0008478
1498265462,2.32,.0008513
1498265762,2.35,.0008636
1498266062,2.34,.0008591
1498266362,2.34,.0008586
1498266662,2.32,.0008502
1498266962,2.35,.000862
1498267262,2.32,.0008498
1498267562,2.33,.0008538
1498267862,2.32,.0008499
1498268162,2.3,.0008451
1498268462,2.33,.0008539
1498268762,2.32,.0008539
1498269062,2.32,.0008536
1498269362,2.32,.0008539
1498269662,2.33,.0008539
1498269962,2.32,.0008538
1498270263,2.33,.0008537
1498270562,2.29,.0008409
1498270862,2.29,.0008407
1498271162,2.29,.0008398
1498271462,2.29,.0008399
1498271762,2.29,.0008398
1498272062,2.32,.0008493
1498272362,2.31,.0008477
1498272662,2.29,.0008407
1498272963,2.29,.0008398
1498275662,2.31,.0008487
1498275963,2.29,.0008399
1498276262,2.29,.0008399
1498276562,2.31,.0008482
1498276862,2.29,.0008401
1498277162,2.29,.0008399
1498277762,2.29,.0008399
1498278362,2.3,.0008464
1498278662,2.3,.0008459
1498279562,2.28,.0008379
1498279861,2.29,.0008399
1498280161,2.29,.0008399
