1498953661,1.48,.0006094
1498953962,1.47,.0006095
1498954262,1.47,.0006095
1498954562,1.47,.0006095
1498954862,1.47,.0006095
1498955162,1.47,.0006095
1498955462,1.5,.0006233
1498955762,1.49,.0006171
1498956061,1.48,.0006128
1498956362,1.46,.0006095
1498956662,1.44,.0006021
1498956962,1.38,.0005797
1498957262,1.43,.0005966
1498957562,1.43,.0005966
1498957862,1.43,.0005966
1498958162,1.42,.0005886
1498958462,1.42,.00059
1498958762,1.42,.00059
1498959062,1.41,.000586
1498959362,1.43,.0005942
1498959662,1.43,.0005937
1498959962,1.43,.0005937
1498960262,1.45,.0006
1498960562,1.47,.0006099
1498960862,1.47,.0006113
1498961162,1.47,.0006113
1498961462,1.46,.0006114
1498961762,1.46,.0006114
1498962062,1.45,.0006069
1498962362,1.45,.0006069
1498962662,1.45,.0006069
1498962962,1.46,.0006069
1498963262,1.46,.0006069
1498963562,1.47,.0006111
1498963862,1.47,.0006111
1498964162,1.46,.0006069
1498964462,1.46,.0006069
