1498435262,2.02,.000796
1498435562,2.02,.000796
1498435862,1.9,.00075
1498436162,1.97,.0007808
1498436462,1.9,.0007532
1498436762,1.91,.000754
1498437062,1.96,.0007729
1498437362,1.93,.0007625
1498437662,1.99,.000785
1498437962,2,.000785
1498438262,2.01,.0007878
1498438562,2.01,.00079
1498438862,2.01,.00079
1498439162,2.01,.00079
1498439462,2.01,.00079
1498439762,2,.0007837
1498440062,1.92,.0007525
1498440362,1.92,.0007527
1498440662,1.92,.0007527
1498440961,1.93,.0007527
1498441262,1.93,.0007525
1498441562,1.93,.00075
1498441862,1.93,.00075
1498442162,1.93,.00075
1498442462,1.93,.00075
1498442762,1.93,.00075
1498443062,1.95,.0007564
1498443362,1.96,.0007635
1498443662,1.96,.0007636
1498443962,1.94,.0007565
1498444262,1.96,.0007653
1498444562,1.95,.0007565
1498444861,1.94,.0007567
1498445162,1.94,.0007566
1498445462,1.94,.0007567
1498445762,1.95,.0007575
1498446062,1.95,.0007565
1498446362,1.95,.000757
1498446662,1.94,.000757
1498446962,1.96,.0007664
1498447262,1.96,.0007664
1498447562,1.92,.00075
1498447862,1.89,.0007366
1498448162,1.86,.000727
1498448462,1.86,.0007272
1498448762,1.89,.0007384
1498449062,1.9,.0007391
1498449362,1.92,.0007444
1498449662,1.92,.0007444
1498449962,1.92,.0007444
1498450262,1.92,.0007444
1498450562,1.92,.0007444
1498450862,1.91,.0007408
1498451162,1.92,.0007445
1498451462,1.92,.0007444
1498451762,1.9,.0007408
1498452062,1.91,.000745
1498452362,1.91,.000746
1498452662,1.9,.0007461
1498452962,1.9,.0007461
1498453262,1.91,.0007504
1498453562,1.9,.000746
1498453862,1.9,.000746
1498454162,1.92,.0007524
1498454462,1.92,.0007525
1498454762,1.93,.0007525
1498455062,1.91,.0007505
1498455362,1.91,.0007505
1498455662,1.96,.00077
1498455962,2,.000785
1498456262,2.05,.0008063
1498456562,2.05,.0008062
1498456862,2.03,.0007982
1498457162,1.98,.0007821
1498457462,1.95,.0007741
1498457762,1.93,.0007685
1498458062,1.92,.0007684
1498458362,1.92,.0007623
1498458662,1.91,.0007623
1498458962,1.92,.0007622
1498459262,1.92,.0007606
1498459562,1.89,.0007504
1498459862,1.91,.0007608
1498460162,1.86,.000746
1498460462,1.87,.000747
1498460762,1.86,.000747
1498461062,1.86,.000747
1498461362,1.86,.000747
1498461662,1.86,.0007454
1498461962,1.86,.0007398
1498462262,1.83,.0007301
1498462562,1.84,.0007301
1498462862,1.86,.0007387
1498463162,1.88,.0007461
1498463462,1.88,.0007461
1498463762,1.89,.00075
