1498608062,1.82,.000706
1498608362,1.81,.0007043
1498608662,1.77,.00069
1498608962,1.77,.000688
1498609262,1.74,.00068
1498609562,1.71,.000669
1498609862,1.71,.0006678
1498610162,1.71,.000669
1498610462,1.71,.000669
1498610762,1.7,.000669
1498611062,1.7,.000669
1498611362,1.69,.000669
1498611662,1.7,.000669
1498611962,1.69,.000669
1498612262,1.68,.0006651
1498612562,1.68,.00066
1498612862,1.67,.0006569
1498613162,1.66,.0006565
1498613462,1.65,.0006559
1498613762,1.64,.0006521
1498614062,1.63,.0006497
1498614362,1.63,.0006493
1498614662,1.63,.00065
1498614962,1.63,.0006548
