1498780862,1.78,.0006931
1498781162,1.78,.0006935
1498781462,1.78,.000694
1498781762,1.77,.0006935
1498782062,1.78,.0006935
1498782362,1.78,.0006935
1498782662,1.78,.0006935
1498782962,1.78,.0006944
1498783262,1.78,.0006952
1498783562,1.81,.000705
1498783862,1.79,.0007
1498784162,1.8,.0007034
1498784462,1.81,.0007033
1498784762,1.81,.0007059
1498785062,1.78,.000695
1498785362,1.78,.000695
1498785662,1.78,.000695
1498785962,1.78,.0006944
1498786262,1.78,.000695
1498786562,1.78,.0006944
1498786862,1.78,.0006944
1498787162,1.78,.000695
1498787462,1.78,.000695
1498787762,1.78,.000695
