1498348862,2.1,.0008098
1498349162,2.09,.0008098
1498349462,2.09,.0008098
1498349762,2.09,.0008069
1498350062,2.09,.0008054
1498350361,2.08,.0008055
1498350662,2.08,.0008053
1498350962,2.07,.0008047
1498351262,2.07,.0008056
1498351562,2.07,.0008056
1498351862,2.07,.0008055
1498352162,2.1,.0008179
1498352462,2.1,.0008176
1498352762,2.07,.0008029
1498353062,2.06,.0008029
1498353362,2.05,.000803
1498353662,2.05,.000803
1498353962,1.98,.0007752
1498354262,1.97,.0007755
1498354562,1.98,.0007764
1498354862,1.98,.0007767
1498355162,2.04,.0007992
1498355462,2.04,.0007966
1498355762,2.04,.0007966
1498356062,2,.0007804
1498356362,2.03,.0007912
1498356662,2.02,.0007912
1498356962,2.02,.0007911
1498357262,2.02,.0007873
1498357562,2,.0007805
1498357862,2,.0007804
1498358162,2.02,.000787
1498358462,2.02,.000786
1498358762,2.02,.000785
1498359063,2.02,.0007856
1498359362,2.02,.0007856
