1498521662,1.84,.00075
1498521962,1.84,.0007519
1498522262,1.84,.0007519
1498522562,1.82,.0007447
1498522862,1.8,.0007413
1498523162,1.79,.00074
1498523462,1.8,.000738
1498523762,1.81,.0007379
1498524062,1.81,.0007361
1498524362,1.78,.0007275
1498524662,1.8,.0007378
1498524962,1.8,.0007378
1498525262,1.79,.0007301
1498525562,1.79,.0007301
1498525862,1.79,.00073
1498526162,1.78,.0007274
1498526462,1.78,.000731
1498526762,1.8,.0007377
1498527062,1.81,.0007377
1498527362,1.8,.00073
1498527662,1.82,.0007378
1498527962,1.82,.0007393
1498528262,1.83,.0007397
1498528562,1.84,.000745
