1499040061,1.59,.0006269
1499040362,1.57,.0006205
1499040662,1.56,.0006143
1499040962,1.55,.00061
1499041262,1.55,.00061
1499041562,1.55,.00061
1499041862,1.55,.0006112
1499042162,1.54,.0006112
1499042462,1.54,.0006112
1499042761,1.54,.0006112
1499043061,1.54,.0006112
1499043362,1.53,.0006081
1499043662,1.53,.0006081
1499043962,1.54,.0006112
1499044262,1.54,.0006112
1499044561,1.54,.0006112
1499044862,1.54,.0006112
1499045162,1.54,.0006112
1499045462,1.54,.0006113
1499045762,1.54,.0006112
1499046062,1.54,.0006112
1499046362,1.54,.0006112
1499046662,1.54,.0006112
1499046962,1.57,.0006193
1499047262,1.56,.0006179
1499047562,1.57,.0006193
1499047862,1.56,.0006193
1499048162,1.55,.0006136
1499048462,1.55,.0006136
1499048762,1.56,.0006193
1499049062,1.56,.0006193
1499049362,1.54,.000611
1499049662,1.54,.000611
1499049962,1.54,.000611
1499050262,1.53,.0006081
1499050562,1.53,.0006081
1499050862,1.53,.0006078
