1499126462,1.62,.0006299
1499126762,1.62,.0006299
1499127062,1.62,.0006299
1499127362,1.63,.0006299
1499127662,1.58,.0006133
1499127962,1.58,.0006133
1499128262,1.59,.0006175
1499128562,1.59,.0006133
1499128862,1.61,.0006233
1499129162,1.56,.0006002
1499129462,1.56,.0006
1499129762,1.56,.0006
1499130063,1.56,.0006
1499130362,1.55,.0006
1499130662,1.57,.0006075
1499130962,1.58,.0006096
1499131262,1.61,.0006205
1499131562,1.59,.0006122
1499131862,1.61,.0006196
1499132162,1.58,.0006104
1499132462,1.58,.0006104
1499132762,1.61,.0006187
1499133062,1.61,.0006189
1499133362,1.61,.0006189
1499133662,1.6,.000616
1499133962,1.61,.0006191
1499134262,1.61,.0006193
1499134562,1.61,.0006193
1499134862,1.61,.0006162
1499135162,1.61,.0006162
1499135462,1.61,.0006162
1499135762,1.61,.0006162
1499136061,1.61,.0006162
1499136362,1.62,.0006162
1499136662,1.62,.0006162
1499136962,1.63,.0006193
1499137262,1.63,.0006193
