1499487662,1.36,.0005403
1499487962,1.36,.0005403
1499488262,1.34,.0005295
1499488562,1.33,.0005268
1499488861,1.33,.0005268
1499489161,1.35,.0005338
1499489462,1.33,.0005269
1499489762,1.33,.0005269
1499490061,1.33,.0005269
1499490362,1.33,.0005268
1499490662,1.33,.0005269
1499490962,1.33,.0005269
1499491262,1.33,.0005269
1499491562,1.29,.0005111
1499491862,1.29,.0005103
1499492162,1.3,.000515
1499492462,1.28,.000511
1499492762,1.31,.0005217
1499493062,1.32,.0005215
1499493362,1.29,.0005111
1499493662,1.29,.0005115
1499493962,1.29,.0005115
1499494262,1.29,.0005113
1499494562,1.28,.0005115
1499494862,1.3,.0005191
