1499299262,1.66,.0006303
1499299562,1.68,.0006388
1499299862,1.68,.0006388
1499300162,1.68,.0006388
1499300462,1.68,.0006388
1499300762,1.67,.0006357
1499301062,1.67,.0006357
1499301362,1.67,.0006365
1499301662,1.69,.000642
1499301962,1.67,.0006365
1499302262,1.67,.0006365
1499302562,1.67,.0006365
1499302862,1.67,.0006365
1499303162,1.67,.0006365
1499303462,1.67,.0006365
1499303762,1.67,.000636
1499304062,1.65,.0006304
1499304363,1.65,.0006309
1499304663,1.65,.0006304
1499304962,1.65,.0006304
1499305262,1.65,.0006304
1499305562,1.65,.00063
1499305862,1.65,.00063
1499306161,1.65,.0006322
1499306462,1.64,.0006269
1499306762,1.64,.0006269
1499307062,1.65,.0006321
1499307362,1.63,.0006254
1499307662,1.65,.0006318
1499307962,1.65,.0006318
1499308262,1.64,.0006251
1499308562,1.64,.0006251
1499308862,1.64,.000625
1499309162,1.64,.0006249
1499309462,1.64,.000625
1499309762,1.64,.0006251
1499310062,1.64,.0006251
1499310362,1.64,.0006251
1499310662,1.64,.0006251
1499310962,1.64,.0006251
1499311262,1.68,.0006406
1499311562,1.68,.000642
1499311862,1.68,.00064
1499312162,1.68,.00064
1499312462,1.67,.0006367
1499312762,1.64,.0006258
1499313062,1.67,.0006355
1499313362,1.65,.0006269
1499313662,1.65,.0006269
1499313962,1.65,.0006281
1499314262,1.65,.0006281
1499314562,1.65,.00063
1499314861,1.67,.000635
1499315162,1.67,.0006353
1499315462,1.64,.0006263
1499315762,1.63,.0006253
1499316061,1.63,.0006252
1499316361,1.63,.0006253
1499316662,1.63,.0006253
1499316962,1.63,.0006253
1499317262,1.66,.0006355
1499317562,1.65,.0006315
1499317862,1.68,.0006431
1499318162,1.68,.0006431
1499318462,1.67,.0006431
1499318762,1.68,.0006444
1499319062,1.65,.0006351
1499319362,1.65,.0006353
1499319662,1.65,.0006353
1499319962,1.65,.0006353
1499320262,1.66,.0006353
1499320562,1.66,.0006354
1499320862,1.67,.000642
1499321162,1.66,.0006354
1499321462,1.65,.0006333
1499321762,1.68,.000646
1499322062,1.68,.000646
1499322362,1.69,.000646
1499322662,1.69,.000646
1499322962,1.65,.0006334
1499323261,1.65,.0006334
1499323562,1.64,.0006294
1499323862,1.65,.0006324
1499324162,1.65,.000631
1499324462,1.66,.0006333
