1499212862,1.79,.0006833
1499213162,1.78,.0006833
1499213462,1.75,.00067
1499213762,1.78,.0006833
1499214062,1.77,.00068
1499214361,1.77,.00068
1499214662,1.74,.0006684
1499214962,1.74,.0006675
1499215262,1.74,.0006675
1499215562,1.76,.0006785
1499215862,1.76,.0006785
1499216162,1.71,.0006616
1499216462,1.71,.0006616
1499216762,1.74,.0006742
1499217062,1.71,.0006624
1499217362,1.74,.0006733
1499217662,1.74,.000673
1499217962,1.72,.0006632
1499218263,1.72,.0006632
1499218562,1.72,.0006632
1499218862,1.74,.0006718
1499219162,1.74,.0006718
1499219462,1.74,.0006718
1499219762,1.74,.0006718
1499220062,1.7,.000659
1499220362,1.73,.0006674
1499220662,1.73,.0006674
1499220962,1.72,.0006674
1499221262,1.72,.0006674
1499221562,1.72,.0006674
1499221862,1.73,.0006674
1499222162,1.71,.0006601
1499222462,1.73,.000668
1499222762,1.71,.0006626
1499223062,1.71,.0006625
1499223362,1.71,.0006625
1499223662,1.71,.0006625
1499223962,1.71,.000659
1499224262,1.71,.000659
1499224562,1.71,.000659
1499224862,1.71,.000659
1499225162,1.71,.0006591
1499225462,1.72,.0006625
1499225762,1.71,.000659
1499226062,1.7,.0006571
1499226362,1.7,.0006571
1499226662,1.7,.0006571
1499226962,1.7,.0006571
1499227262,1.7,.0006558
1499227562,1.7,.0006558
1499227862,1.69,.0006558
1499228162,1.7,.0006569
1499228462,1.69,.000657
1499228762,1.69,.000657
1499229062,1.69,.0006569
1499229362,1.69,.0006569
1499229662,1.69,.0006569
1499229962,1.69,.0006568
1499230262,1.68,.0006544
1499230562,1.67,.00065
1499230862,1.67,.00065
1499231162,1.67,.00065
1499231462,1.67,.0006484
1499231762,1.67,.0006483
1499232062,1.67,.0006483
1499232361,1.67,.0006496
1499232662,1.74,.0006747
1499232962,1.73,.0006723
1499233262,1.74,.0006723
1499233562,1.74,.0006723
1499233862,1.7,.0006598
1499234162,1.71,.0006598
1499234462,1.7,.0006579
1499234762,1.71,.00066
1499235062,1.71,.00066
1499235362,1.71,.00066
1499235662,1.71,.00066
1499235962,1.69,.0006527
1499236262,1.72,.000668
1499236562,1.72,.0006684
1499236862,1.72,.0006684
1499237162,1.72,.0006681
1499237462,1.72,.0006681
1499237762,1.72,.0006681
1499238061,1.72,.0006685
1499238362,1.72,.0006685
1499238662,1.72,.00067
1499238962,1.72,.00067
1499239262,1.72,.00067
1499239562,1.7,.0006614
1499239862,1.7,.0006614
1499240161,1.7,.0006614
1499240462,1.68,.0006529
1499240762,1.68,.0006523
1499241062,1.67,.0006523
1499241362,1.68,.0006523
1499241662,1.67,.0006522
