1499558462,1.43,.0005591
1499558762,1.44,.0005605
1499559062,1.44,.0005605
1499559362,1.44,.0005608
1499559662,1.44,.0005606
1499559962,1.44,.0005613
1499560262,1.44,.0005613
1499560562,1.44,.0005625
1499560862,1.39,.0005412
1499561162,1.39,.0005423
1499561462,1.39,.0005423
1499561762,1.39,.0005432
1499562062,1.39,.0005432
1499562362,1.39,.0005432
1499562662,1.39,.0005431
1499562962,1.39,.0005431
1499563262,1.39,.0005431
1499563562,1.44,.0005626
1499563862,1.43,.0005599
1499564162,1.43,.0005599
1499564462,1.43,.0005599
1499564762,1.43,.0005566
1499565062,1.44,.0005594
1499565362,1.44,.0005594
1499565662,1.44,.0005594
1499565962,1.44,.0005594
1499566262,1.42,.0005537
1499566562,1.41,.0005512
1499566862,1.41,.0005513
1499567162,1.41,.0005513
1499567462,1.41,.0005513
1499567762,1.41,.0005513
1499568062,1.41,.0005513
1499568362,1.41,.0005513
1499568662,1.42,.0005513
1499568962,1.42,.0005513
1499569262,1.41,.0005513
1499569562,1.42,.000555
1499569862,1.43,.0005559
1499570162,1.44,.0005602
1499570462,1.44,.00056
1499570762,1.44,.0005598
1499571062,1.43,.0005568
1499571362,1.43,.0005568
1499571662,1.43,.0005568
1499571962,1.43,.0005568
1499572262,1.44,.0005588
1499572562,1.44,.0005588
1499572862,1.44,.0005588
1499573162,1.44,.0005588
1499573462,1.44,.0005588
1499573762,1.44,.0005588
1499574062,1.43,.0005568
