1499385662,1.62,.00062
1499385962,1.62,.0006201
1499386262,1.66,.0006367
1499386562,1.66,.0006367
1499386862,1.67,.0006367
1499387162,1.67,.0006367
1499387462,1.65,.0006302
1499387762,1.65,.0006312
1499388062,1.67,.0006367
1499388362,1.67,.0006367
1499388662,1.66,.0006366
1499388962,1.65,.0006312
1499389262,1.66,.0006367
1499389562,1.57,.0006
1499389861,1.6,.0006128
1499390161,1.58,.000607
1499390462,1.58,.0006072
1499390762,1.58,.0006071
1499391062,1.56,.0006002
1499391362,1.55,.0005942
1499391662,1.55,.0005947
1499391962,1.58,.0006072
1499392262,1.58,.0006072
1499392562,1.58,.0006072
1499392862,1.59,.000612
1499393162,1.6,.000612
1499393462,1.59,.0006115
1499393762,1.57,.0006022
1499394062,1.57,.0006022
1499394362,1.56,.0006
1499394662,1.6,.0006144
1499394961,1.61,.0006212
1499395262,1.61,.0006212
1499395562,1.61,.0006212
1499395862,1.61,.0006192
1499396162,1.61,.00062
1499396462,1.64,.0006338
1499396762,1.63,.000629
1499397062,1.63,.000629
1499397362,1.63,.00063
1499397662,1.62,.0006241
1499397962,1.62,.0006231
1499398262,1.64,.0006299
1499398562,1.63,.00063
1499398862,1.63,.00063
1499399162,1.65,.000635
1499399462,1.66,.0006418
1499399762,1.67,.0006418
1499400062,1.64,.0006294
1499400362,1.63,.0006294
1499400662,1.62,.0006236
1499400962,1.62,.0006236
1499401262,1.62,.0006235
1499401562,1.62,.0006235
1499401862,1.62,.0006235
1499402162,1.62,.0006232
1499402462,1.62,.0006232
1499402762,1.62,.0006235
1499403062,1.62,.0006232
1499403362,1.62,.0006232
1499403662,1.62,.0006235
1499403962,1.62,.0006255
1499404261,1.62,.0006255
1499404562,1.64,.0006307
1499404862,1.66,.0006397
1499405161,1.66,.0006397
1499405461,1.66,.0006399
1499405761,1.66,.0006399
1499406061,1.66,.00064
1499406361,1.66,.00064
1499406662,1.66,.00064
1499406962,1.62,.0006232
1499407262,1.62,.0006232
1499407562,1.62,.0006232
1499407862,1.62,.0006237
1499408162,1.62,.0006237
1499408462,1.66,.0006399
1499408762,1.62,.0006244
1499409062,1.62,.000625
1499409362,1.62,.0006255
1499409662,1.62,.0006255
1499409962,1.61,.0006249
1499410262,1.62,.0006249
1499410562,1.63,.000631
1499410862,1.63,.000631
1499411162,1.62,.00063
1499411462,1.62,.00063
1499411762,1.62,.0006283
1499412062,1.62,.0006283
1499412362,1.62,.0006283
1499412662,1.62,.0006282
1499412961,1.62,.0006283
1499413262,1.61,.0006255
1499413562,1.55,.0006045
1499413862,1.56,.0006047
1499414162,1.56,.0006047
1499414462,1.59,.0006165
1499414762,1.55,.0006043
1499415062,1.54,.0006
1499415362,1.54,.0005978
1499415662,1.53,.0005976
1499415962,1.53,.0005945
1499416262,1.53,.0005945
1499416562,1.53,.0005954
1499416862,1.53,.0005954
1499417162,1.53,.000595
1499417462,1.53,.000595
1499417762,1.53,.000595
1499418062,1.53,.000595
1499418362,1.51,.0005881
1499418662,1.51,.0005881
1499418962,1.51,.0005881
1499419262,1.51,.0005875
1499419562,1.51,.0005875
1499419862,1.5,.0005824
1499420161,1.5,.0005824
1499420462,1.5,.0005824
1499420762,1.5,.0005824
1499421062,1.5,.0005823
1499421362,1.5,.0005823
1499421662,1.5,.0005823
1499421962,1.49,.0005783
1499422262,1.49,.0005784
1499422562,1.5,.0005823
1499422862,1.5,.0005823
1499423162,1.52,.0005872
1499423462,1.52,.0005872
1499423761,1.52,.0005881
1499424062,1.52,.0005889
1499424362,1.52,.0005889
1499424662,1.52,.0005884
1499424962,1.52,.0005889
1499425262,1.52,.0005889
1499425561,1.52,.0005889
1499425862,1.51,.0005884
1499426162,1.53,.000595
1499426462,1.53,.000595
1499426762,1.51,.0005884
1499427062,1.51,.0005884
1499427362,1.51,.0005884
1499427662,1.51,.0005884
1499427962,1.51,.0005878
1499428262,1.49,.0005809
1499428562,1.48,.0005784
1499428862,1.48,.000579
1499429162,1.48,.000579
1499429462,1.48,.0005783
1499429762,1.48,.000579
1499430062,1.48,.000579
1499430362,1.47,.0005783
1499430662,1.46,.0005734
1499430962,1.46,.0005734
1499431262,1.45,.0005734
1499431563,1.45,.0005736
1499431862,1.45,.0005734
1499432162,1.45,.0005734
1499432462,1.45,.0005727
1499432762,1.45,.0005716
1499433062,1.45,.0005709
1499433362,1.45,.0005709
1499433662,1.45,.0005711
1499433962,1.45,.0005702
1499434262,1.44,.0005701
1499434562,1.44,.0005701
1499434862,1.43,.0005701
1499435162,1.43,.0005701
1499435462,1.43,.00057
1499435762,1.44,.00057
1499436062,1.39,.0005508
1499436361,1.44,.0005681
1499436661,1.39,.0005501
1499436961,1.4,.0005549
1499437262,1.39,.0005502
1499437562,1.4,.0005553
1499437862,1.42,.0005627
1499438162,1.43,.000566
1499438461,1.44,.0005699
1499438762,1.44,.0005699
1499439062,1.44,.0005699
1499439362,1.43,.0005655
1499439662,1.43,.000569
