1499644862,1.34,.0005339
1499645162,1.34,.0005336
1499645462,1.33,.00053
1499645762,1.33,.000528
1499646062,1.33,.000528
1499646362,1.31,.0005206
1499646662,1.31,.0005206
1499646962,1.31,.0005206
1499647262,1.31,.0005206
1499647562,1.31,.0005206
1499647862,1.3,.0005206
1499648162,1.3,.0005206
1499648462,1.29,.000517
1499648762,1.31,.0005206
1499649062,1.3,.000517
1499649362,1.3,.000517
1499649662,1.3,.000517
1499649962,1.3,.000517
1499650262,1.3,.000517
1499650562,1.28,.0005107
1499650862,1.29,.0005151
1499651162,1.29,.0005145
1499651462,1.29,.0005119
1499651762,1.29,.0005108
1499652062,1.29,.00051
1499652362,1.29,.0005116
1499652662,1.29,.0005116
1499652962,1.29,.0005116
1499653262,1.27,.0005036
1499653562,1.27,.0005036
1499653862,1.36,.0005405
1499654162,1.37,.0005449
1499654462,1.34,.0005307
1499654762,1.34,.0005316
1499655062,1.37,.000546
1499655362,1.37,.0005459
1499655662,1.37,.000546
1499655962,1.31,.0005222
1499656262,1.32,.0005226
1499656562,1.32,.000523
1499656863,,
